
       0.000000        0.000000        0.000000
  199874.585810        0.789466        0.031522
  200311.022950        0.772000        0.034111
  200696.269159        0.777735        0.022817
  200455.659822        0.779377        0.019715
  200744.777702        0.778669        0.013135
  201226.484471        0.768989        0.019922
  201382.361361        0.786054        0.045242
  201811.848453        0.763986        0.029919
  202095.815008        0.785416        0.020831
  201924.238343        0.782141        0.007456
  202558.727018        0.769776        0.016540
  202558.090335        0.782322        0.012091
  202933.881470        0.783361        0.022257
  202946.646587        0.778214        0.028076
  203617.085996        0.768864        0.012799
  203842.661020        0.792828        0.020604
  203953.234962        0.788308        0.011543
  204017.216765        0.784217        0.031204
  204066.937942        0.794253        0.042602
  204369.262525        0.779644        0.018559
  204406.921569        0.811684        0.019213
  205096.701408        0.782836        0.020039
  205152.335951        0.778365        0.039727
  205459.210271        0.763315        0.013033
  205545.248775        0.791633        0.000828
  206101.073567        0.802647        0.024002
  205739.134046        0.779052        0.021667
  206387.009100        0.774355        0.030345
  206431.130484        0.778754        0.042778
  206450.379299        0.756289       -0.002788
  206534.148010        0.792249        0.030319
  206887.856270        0.775000        0.014940
  207257.051017        0.775115        0.003422
  207829.624669        0.790981        0.006497
  207826.068257        0.776826        0.025818
  208001.580848        0.809618        0.031473
  208384.767815        0.799377        0.031406
  208560.452853        0.781136        0.025635
  208868.946595        0.795148        0.018090
  209053.052621        0.802488        0.004615
  209154.941996        0.798190        0.017426
  209713.515618        0.774352        0.029745
  209727.409439        0.789009        0.016594
  209793.435886        0.785620        0.028633
  210189.074543        0.780877        0.017125
  210168.770801        0.793575        0.029622
  210387.065484        0.787243        0.014885
  210956.646066        0.792088        0.012983
  211006.640655        0.789510        0.022331
  211135.213583        0.790639        0.039253
  211361.359207        0.788472        0.009752
  211558.670698        0.786764        0.054277
  211934.169290        0.784845        0.025660
  211848.640763        0.800155        0.039331
  212448.953855        0.769947        0.028087
  212666.797284        0.777087        0.052178
  212889.301816        0.789283        0.028686
  212843.493137        0.794805        0.023286
  213157.935270        0.762672        0.029446
  213276.599704        0.786188        0.029334
  213972.759239        0.779141        0.009947
  213936.841645        0.791999       -0.012432
  214165.037551        0.798983        0.036919
  214587.629595        0.795214        0.017740
  214246.249308        0.789930        0.007640
  215017.721954        0.796931        0.025505
  214912.901708        0.773798        0.008790
  214960.437506        0.788680        0.028704
  215660.101145        0.796610        0.015431
  215741.542226        0.757739        0.025005
  215966.295139        0.798225        0.032503
  216230.440412        0.780722        0.040100
  216445.503771        0.783149        0.033078
  216398.906965        0.796304        0.028512
  216350.151647        0.795379        0.036523
  216580.881886        0.773593        0.013971
  216904.989233        0.773799        0.024114
  217232.722486        0.770300        0.013175
  217790.013590        0.783072        0.033896
  217613.102351        0.773192        0.025069
  218039.465863        0.788209        0.030125
  218395.486821        0.779348        0.022551
  218480.809659        0.787093        0.014647
  218578.565895        0.796113        0.047498
  218986.000162        0.801740        0.026139
  218938.228951        0.772016        0.023367
  219261.546895        0.774240        0.032783
  219738.739982        0.788213        0.037990
  219947.066145        0.793390        0.019511
  220110.761077        0.792752        0.043082
  220362.352416        0.783130        0.022432
  220344.413416        0.793739        0.018305
  220950.568047        0.788004        0.019886
  221090.330920        0.782611        0.024324
  221229.971215        0.792675        0.033476
  221539.334724        0.788924        0.017064
  221810.906584        0.791725        0.017617
  221658.707898        0.775317        0.010093
  221899.396134        0.798958        0.029031
  222409.259165        0.784506        0.025043
  222477.036803        0.771265        0.025893
  222659.281192        0.775495        0.025673
  223091.160440        0.774827        0.007988
  223417.288142        0.792277        0.000592
  223164.168902        0.783882        0.007826
  223469.534749        0.783824        0.026089
  224010.161362        0.792199        0.023885
  224201.095420        0.773446        0.026834
  224773.920037        0.784727        0.017181
  224595.841253        0.785880        0.024288
  224954.886400        0.782738       -0.000175
  225141.327357        0.774229        0.025801
  225559.870949        0.799595        0.024355
  225215.885865        0.800021        0.025914
  225411.307209        0.786360        0.030849
  225707.508998        0.778762        0.019848
  226051.371329        0.797429        0.024683
  225989.888134        0.792446        0.014760
  226340.322989        0.799179        0.015488
  227009.679468        0.772762        0.030597
  226838.188944        0.785358        0.003816
  227407.287572        0.801484        0.048428
  227124.489727        0.797028        0.038556
  227506.742001        0.788392        0.025985
  227946.956832        0.789840        0.022808
  228287.788723        0.785203        0.026652
  228038.255124        0.772730        0.019207
  228376.780336        0.782501        0.024252
  228932.141258        0.776969        0.031119
  228834.295687        0.770462        0.009762
  229057.239998        0.798306        0.038835
  229258.807345        0.797605        0.040042
  229646.493760        0.785854        0.010734
  230069.908971        0.787286        0.023428
  229836.514933        0.794459        0.031022
  230205.819850        0.766984        0.032445
  230594.668258        0.769311        0.018164
  230778.541388        0.786103        0.021000
  231007.359956        0.783370        0.020267
  231473.025235        0.780200        0.024066
  231686.013546        0.799433        0.022932
  231367.560999        0.783652        0.012036
  232051.913664        0.793616        0.030447
  231854.071874        0.774416        0.046514
  232476.046976        0.787211        0.016732
  232610.013930        0.781176        0.015227
  232727.317868        0.783332        0.029130
  233232.977996        0.803798        0.026027
  233473.300991        0.803954        0.010179
  233329.726871        0.784568        0.037362
  233481.790073        0.783276        0.015814
  233465.872245        0.782828        0.020077
  234130.949617        0.776439        0.021982
  234153.524861        0.783269        0.026001
  234673.367177        0.783200        0.015992
  234768.472352        0.776413        0.023372
  234976.326328        0.796448        0.034988
  235012.834242        0.780261        0.009662
  235450.705783        0.801063        0.019404
  235400.602569        0.789326       -0.005372
  235843.319417        0.787593        0.052007
  236164.167119        0.803824        0.046807
  236459.555273        0.806148        0.022263
  236063.796749        0.782588        0.014967
  236715.969693        0.782571        0.004473
  237029.364389        0.786809        0.037712
  237095.835462        0.788484        0.027564
  237564.150610        0.783481        0.026066
  237774.245187        0.794252        0.034556
  237965.943576        0.775366        0.015608
  238104.806400        0.789300        0.008187
  238364.387330        0.776508        0.023059
  238529.339328        0.783535        0.028341
  238899.355410        0.779103        0.012900
  238929.066642        0.789018        0.040050
  239518.214989        0.788933        0.010888
  239638.243639        0.779106        0.023304
  239648.950038        0.798948        0.021035
  239624.488179        0.794083        0.033768
  240197.387182        0.763323        0.028706
  240256.903091        0.786599        0.037239
  240161.821696        0.778176        0.020529
  240861.450653        0.780651        0.023880
  241115.004838        0.773930        0.005253
  241674.714340        0.805297        0.031082
  241630.216127        0.775483        0.008840
  242224.621064        0.794576        0.022820
  241736.420372        0.776479        0.030001
  241711.288271        0.783541        0.026539
  242344.435286        0.783431        0.019139
  242331.512583        0.778103        0.026480
  242823.187163        0.782161        0.026275
  243317.650221        0.781258        0.013335
  243547.952761        0.785054        0.011972
  243456.104132        0.791068        0.029408
  243462.944897        0.780370        0.032792
  243746.073842        0.789230        0.013038
  244324.619215        0.778066        0.027591
  244275.061275        0.788991        0.021744
  244392.695983        0.785819        0.012359
  244619.236865        0.784637        0.019678
  244919.934987        0.791097        0.040846
  244921.589230        0.800074        0.024800
  245543.543123        0.777455        0.018054
  245625.137793        0.779983        0.028909
  246049.246256        0.793225        0.017187
  246005.404921        0.791316        0.021271
  246209.664660        0.789445        0.022383
  246355.213032        0.768788        0.044503
  246975.503402        0.794949        0.001422
  247149.261064        0.801121        0.036610
  247426.537055        0.778950        0.017247
  247610.748525        0.789251        0.033159
  247493.651228        0.792095        0.014284
  247831.483011        0.790364        0.017227
  247958.127858        0.793090        0.016174
  248523.199772        0.762595        0.010968
  248777.097487        0.808607        0.022802
  248796.251703        0.799684        0.012264
  249092.357675        0.793928        0.023197
  249432.251678        0.784518        0.021933
  249777.954249        0.795868        0.014045
  249756.637318        0.789810        0.028733
  249639.755044        0.796216       -0.008864
  250167.947217        0.802104        0.028718
  250137.187086        0.802302        0.027135
  250259.316690        0.784146        0.018487
  250969.048599        0.790574        0.015752
  251275.813895        0.800438        0.005569
  251009.503964        0.779348        0.031354
  251843.711965        0.781014        0.029099
  251702.177505        0.779974        0.011710
  251627.832364        0.784077        0.032977
  252158.608538        0.790103        0.009959
  252487.589763        0.786754        0.023254
  252673.428495        0.791971        0.035338
  252932.948070        0.805529        0.040150
  253108.531079        0.790225        0.014309
  253473.642009        0.782863        0.033761
  253722.203963        0.795695        0.020019
  253644.245035        0.778548        0.027538
  253810.771805        0.784428        0.032590
  254125.094259        0.787526        0.004864
  254440.615735        0.795078        0.029218
  255046.733532        0.792822        0.016937
  254730.147066        0.816655        0.010594
  255290.711822        0.805880        0.014318
  255392.156262        0.783406        0.018997
  255255.350222        0.776388        0.017038
  255617.832611        0.794257        0.020439
  255894.898597        0.778782        0.029388
  256214.726857        0.785270        0.034216
  256482.234270        0.782653        0.001378
  256915.712961        0.784482        0.015916
  256796.913177        0.796846       -0.016166
  257184.085470        0.781444        0.019092
  257087.320265        0.791350        0.027039
  257579.131847        0.771685        0.021765
  258027.411376        0.795246        0.007542
  258134.840908        0.788605        0.011552
  258191.151956        0.785986        0.013533
  258473.000190        0.795488        0.014708
  258426.099774        0.780933        0.035105
  258953.302588        0.792477        0.013316
  259056.258716        0.786844        0.015833
  259334.657846        0.787528        0.041569
  259573.298247        0.781928        0.014799
  260305.938166        0.813723        0.034976
  259700.418053        0.785987        0.003627
  259918.956141        0.793795        0.010754
  260462.883660        0.791957        0.015921
  260356.208292        0.786485        0.013509
  260907.029716        0.786868        0.015781
  260951.582049        0.766058        0.009965
  261050.618128        0.791339        0.017853
  261400.877577        0.785069        0.008264
  261925.176447        0.780748        0.020414
  261606.632041        0.788240        0.017575
  262209.293273        0.783738        0.022461
  262438.319311        0.791304        0.033622
  262973.880715        0.792682        0.025540
  263020.433316        0.804648        0.011283
  262758.595859        0.799074        0.034270
  263260.658877        0.780132        0.020475
  263688.318148        0.779714        0.018121
  263750.009677        0.800693        0.035704
  263969.206040        0.798211        0.019355
  264224.560120        0.804072        0.012946
  264509.673093        0.781593        0.007649
  264852.091672        0.779085        0.005259
  264826.191566        0.791715        0.013707
  265371.183931        0.796829        0.027463
  265347.336495        0.785495        0.045413
  265851.760581        0.790564        0.024873
  265859.765301        0.808719        0.024306
  265817.193380        0.788900        0.011790
  266377.010161        0.797838        0.006034
  266189.882038        0.795834        0.012154
  266833.774038        0.800311        0.005244
  266925.254438        0.767840        0.026905
  266911.275931        0.781638        0.016708
  267101.127152        0.802857        0.019815
  267704.893533        0.785557        0.010212
  267893.988838        0.788213        0.002161
  267867.867817        0.798441        0.009043
  268345.018329        0.781076        0.030273
  268509.862298        0.793449        0.008383
  268740.564220        0.796725        0.028850
  268980.402430        0.803268        0.001427
  269032.623825        0.789438        0.012595
  269225.208536        0.774772        0.007862
  269332.998514        0.780381        0.027068
  269915.062357        0.769357        0.037191
  269917.556580        0.775416        0.011265
  270149.681037        0.783917        0.035913
  270349.741900        0.771973        0.017901
  270510.758829        0.777510        0.043710
  270962.029200        0.802963        0.028208
  271173.355773        0.791274        0.019157
  271483.035223        0.786091        0.004689
  271593.002576        0.784201        0.030356
  271707.417418        0.784878       -0.001281
  272455.834854        0.810410        0.008547
  271739.134495        0.767804        0.016678
  272447.974966        0.803007        0.023526
  272786.772355        0.782805        0.028922
  272616.049087        0.794623        0.025241
  273090.251328        0.782151        0.024925
  273247.338566        0.788303        0.019278
  274291.378366        0.795280        0.025553
  273559.154537        0.784281        0.023844
  274048.153516        0.786648        0.021959
  274406.143488        0.793036        0.021682
  274743.211769        0.806952        0.010907
  274583.020334        0.782502        0.028668
  275094.176211        0.781059        0.011446
  274900.007108        0.782943        0.039546
  275482.209020        0.780928        0.017022
  275538.223334        0.782125        0.018243
  275655.560341        0.794208        0.020522
  275915.958464        0.783333        0.020132
  275739.226490        0.787186        0.017946
  276297.326746        0.789837        0.016426
  276793.564491        0.801618        0.027733
  277064.466283        0.807144        0.011540
  277292.483987        0.797041        0.009007
  277442.193983        0.781493        0.030387
  277569.327787        0.778908        0.024702
  277518.140440        0.781832        0.023671
  277993.355586        0.784079        0.000316
  278426.703429        0.783728        0.034635
  278168.666603        0.783923        0.038688
  278481.097593        0.771362       -0.002253
  278941.243973        0.790188        0.016676
  279115.151857        0.788029        0.015070
  279016.726556        0.803776        0.008234
  279437.520345        0.783336        0.035717
  279859.260468        0.791287        0.014934
  280188.139810        0.769018        0.027943
  280340.466886        0.768686        0.025990
  280729.221529        0.780705        0.000222
  280994.192408        0.794333        0.007682
  280786.145689        0.787156        0.015093
  281132.877769        0.781688        0.025993
  281700.319876        0.777243        0.014376
  281510.591960        0.784627        0.020276
  281644.489097        0.791015        0.021128
  281993.394925        0.785622        0.013846
  282632.888129        0.791152       -0.001631
  282599.539936        0.773040        0.015324
  282579.395039        0.789600        0.003676
  282909.107949        0.778357        0.014954
  283479.098631        0.814020        0.012251
  283230.032131        0.798950        0.001268
  283454.264083        0.782321        0.009389
  284128.714447        0.802998        0.014966
  283837.149409        0.783557        0.017235
  284191.832080        0.793907        0.001571
  284704.965076        0.786131        0.019487
  284631.641862        0.771566        0.009645
  284991.446938        0.781007        0.023622
  285229.116979        0.786224        0.000039
  285571.759403        0.782999        0.016148
  285809.906472        0.768211        0.007445
  286139.962730        0.776380        0.021270
  285923.855243        0.786901        0.020356
  286062.958490        0.787995        0.024716
  286503.684287        0.797266        0.024665
  286899.399348        0.792163        0.014637
  286874.477476        0.791919        0.011010
  287219.008797        0.799885        0.019561
  287307.678907        0.771480        0.023866
  287921.578718        0.801257        0.013548
  287625.555814        0.791144        0.013435
  288373.321171        0.772977        0.004743
  288389.603552        0.781975        0.024613
  288379.824682        0.781941        0.010792
  288280.952668        0.795351        0.012698
  289076.052020        0.794512        0.023706
  288851.640508        0.798713        0.026610
  289383.532151        0.785666        0.031191
  289814.157458        0.792890        0.020754
  289296.898164        0.805711        0.021060
  290229.678290        0.789406        0.020816
  290121.315378        0.774185        0.017312
  290579.407137        0.790298        0.039382
  290793.826923        0.797243        0.014403
  290359.620462        0.799589       -0.001504
  291415.168025        0.797278        0.026981
  291471.592014        0.776971        0.020550
  291516.905230        0.776332        0.026266
  291551.767731        0.800088        0.004638
  291767.603168        0.791604        0.001049
  292193.596211        0.787922        0.002363
  292731.508189        0.782407        0.014349
  292855.466728        0.791225        0.025399
  293055.470396        0.802665        0.014663
  293140.369920        0.798371        0.025690
  293480.614414        0.788306        0.019534
  293415.259839        0.787634        0.019664
  293775.214884        0.781297        0.006295
  293896.274250        0.795037        0.029973
  294430.294833        0.807341        0.011801
  294745.777602        0.790496        0.021480
  294878.676632        0.785497        0.005486
  295215.926555        0.774346        0.031118
  295331.062069        0.789445        0.010095
  295301.257676        0.786743        0.027245
  295636.608054        0.777899        0.028301
  295485.418357        0.781003        0.006142
  296082.964718        0.796878       -0.001596
  296046.059664        0.777050        0.011075
  296693.196832        0.779997        0.025163
  296505.955332        0.783515        0.017049
  296969.049027        0.775648        0.001716
  297008.546805        0.789557        0.017606
  297563.875787        0.793685        0.035345
  297745.079530        0.778381        0.004182
  297916.808301        0.790890        0.003505
  298037.120597        0.790938        0.013412
  298192.439579        0.796029       -0.007306
  298268.080448        0.787736        0.020480
  298839.820896        0.786847        0.011376
  299292.923881        0.782488        0.020311
  299483.559960        0.771501        0.012271
  299458.931815        0.771676        0.004668
  299195.075690        0.782045        0.022317
  299748.910756        0.789458        0.034318
  300256.033131        0.780699        0.010551
  300239.089906        0.786919       -0.000448
  300063.314298        0.778695        0.011324
  300403.968472        0.793910        0.009124
  300598.618413        0.806544        0.038124
  301285.382723        0.785421        0.032591
  301276.926439        0.813583        0.016009
  301652.210946        0.779759        0.023727
  301600.569865        0.812820        0.007971
  302001.350355        0.797566       -0.000432
  302358.988985        0.778157        0.011000
  302815.473267        0.778561        0.004457
  302828.984692        0.787815        0.010266
  303095.625240        0.786505        0.027923
  303263.628377        0.796279        0.018032
  303428.320087        0.779391        0.014054
  303279.627701        0.781888        0.023928
  303695.014477        0.787132        0.017004
  303942.934819        0.790862        0.009132
  304382.147812        0.789809       -0.012370
  304309.159073        0.775721        0.009454
  304994.763076        0.798779        0.005817
  304879.690226        0.763527        0.014338
  305300.462909        0.795204        0.010779
  305520.782027        0.774839        0.026280
  305289.588338        0.789745        0.017259
  305875.797262        0.789164        0.026079
  306242.480190        0.790928        0.023943
  306415.985789        0.783085        0.033298
  306106.964477        0.793331        0.024715
  306187.164382        0.782171        0.015507
  307108.416676        0.773545        0.028804
  307559.473287        0.788898        0.008100
  307210.764040        0.780092        0.022452
  307670.624796        0.797100        0.007552
  307688.718378        0.782572        0.009675
  308123.537887        0.796761        0.015115
  308293.186217        0.775758        0.028782
  308377.518376        0.788400        0.005572
  308515.764622        0.789834        0.023278
  308546.329027        0.780680        0.015502
  308627.169444        0.766726        0.015395
  309738.767081        0.783369        0.015301
  309881.808908        0.774702        0.012296
  309816.080521        0.777270        0.004301
  309566.017369        0.773845        0.014429
  310458.441919        0.786456        0.023113
  310623.876274        0.801028        0.020531
  310504.578376        0.769266        0.025809
  311064.865984        0.798779        0.023178
  311105.331731        0.786201        0.000103
  311253.478192        0.788413        0.018644
  311691.498885        0.793270        0.011070
  311701.328947        0.794218        0.008568
  312267.217700        0.806528        0.005348
  312168.126647        0.775238        0.012644
  312479.036691        0.778968        0.006537
  312924.169057        0.792514        0.014937
  312382.269044        0.792062        0.014607
  313042.938103        0.792536        0.014723
  313441.987781        0.780430        0.009718
  313372.196087        0.791987        0.013000
  313485.799757        0.783794        0.018887
  314480.540968        0.787193        0.014829
  314347.378047        0.769531       -0.006251
  314448.523320        0.786883        0.007175
  314677.435064        0.792312        0.041258
  315132.638899        0.801757        0.028522
  314950.039715        0.807871        0.004471
  315409.473680        0.800969        0.004998
  315668.172016        0.800677        0.030480
  315676.280883        0.799648        0.005805
  316004.621027        0.806807        0.021305
  315921.203398        0.783709        0.004985
  316451.676301        0.796158        0.020853
  316990.870897        0.788514        0.024202
  316769.596573        0.782447        0.025633
  317132.066166        0.790945        0.012224
  317461.446035        0.781435        0.022220
  317744.505617        0.799478        0.020337
  318033.041045        0.792867        0.022481
  317943.755724        0.797798        0.014974
  318098.001083        0.791558       -0.004025
  318607.410474        0.798852       -0.000943
  318687.620077        0.800330       -0.007778
  318946.600104        0.799384        0.008798
  318938.751126        0.775692        0.018928
  319335.559192        0.802939        0.016446
  319295.971249        0.781190        0.016698
  319389.430976        0.790753        0.026772
  320265.207928        0.779791        0.023779
  320566.025350        0.782359        0.018646
  320170.255719        0.776282        0.015871
  320655.844189        0.780817        0.016979
  320825.824368        0.764665        0.002674
  321219.300979        0.776739        0.008523
  321573.651047        0.780540        0.017389
  321704.575748        0.787648        0.017876
  321688.062890        0.797934        0.020002
  321955.599884        0.791076       -0.000180
  322269.832105        0.771046       -0.001554
  322547.058856        0.780620        0.017785
  322728.351500        0.782213        0.035117
  322694.873425        0.775001        0.003581
  323182.906413        0.807958        0.004203
  323286.295132        0.792079        0.017231
  323610.335368        0.775988        0.040099
  324086.635887        0.793625        0.016506
  324123.427286        0.786718        0.016751
  324093.312649        0.771462        0.023320
  324364.920769        0.802856        0.009523
  324300.497523        0.794546        0.004574
  325012.041220        0.794846        0.006199
  325391.282465        0.781803        0.013010
  325163.474206        0.798139        0.013935
  325585.206745        0.785554        0.034149
  325727.898866        0.779625        0.009462
  325752.650929        0.778255        0.006041
  326161.039522        0.783498        0.007565
  326554.855166        0.795066        0.027550
  326865.089899        0.783331        0.015907
  327098.544027        0.788998        0.022420
  326810.311356        0.779383        0.012883
  327423.717136        0.791119        0.008110
  327623.610779        0.800949        0.022230
  327802.514514        0.782213        0.017497
  328143.047028        0.796371       -0.000643
  328465.903063        0.780949        0.029396
  328753.910592        0.787792        0.010362
  328549.650690        0.783672        0.006606
  329336.972111        0.801351        0.015637
  329457.114897        0.792454        0.005953
  329168.213491        0.785568        0.017791
  329591.790970        0.776779        0.012871
  329908.497015        0.796698        0.022795
  330281.188756        0.777226        0.005174
  330364.607229        0.772029        0.018033
  330666.262813        0.789013        0.022330
  330709.656244        0.788712        0.018791
  331111.688356        0.791355        0.019438
  331809.739019        0.792065        0.019592
  331509.493223        0.787558        0.014468
  331836.178346        0.783156        0.011797
  331701.131996        0.789248        0.023525
  332003.359807        0.798094        0.029771
  332493.146318        0.789571        0.009659
  332657.933325        0.789009        0.016085
  333106.366534        0.786713       -0.004988
  333291.421611        0.803462       -0.002024
  333235.731324        0.794086        0.006501
  333390.094678        0.773728        0.005312
  333584.782830        0.786507        0.001795
  333705.102260        0.794154        0.015860
  334113.639555        0.787647        0.015095
  334692.820628        0.789962        0.011826
  334705.323843        0.784331        0.016423
  334930.718175        0.813864        0.004858
  334882.616759        0.771807        0.008747
  335378.869964        0.776395        0.003369
  335591.539783        0.791828        0.011971
  335803.514493        0.777612        0.020438
  335812.748109        0.788888        0.005299
  335905.365932        0.791355        0.009916
  336227.617420        0.801715        0.019888
  336592.427524        0.793069        0.022559
  336882.499173        0.787759        0.013317
  337545.463110        0.790877        0.019206
  337375.231253        0.794778        0.022745
  337756.145083        0.779867       -0.013229
  337651.303040        0.794550        0.001760
  338052.191464        0.800094        0.028308
  338107.450048        0.797626        0.034896
  338052.914113        0.802325        0.012548
  338842.688522        0.807039       -0.001204
  339207.192258        0.775831        0.025130
  339182.067687        0.771926        0.020249
  339112.887486        0.784915        0.024760
  339469.266199        0.764596        0.025110
  339644.188948        0.800233        0.023619
  339558.841663        0.781908        0.025705
  340631.497769        0.779745        0.001793
  340832.342800        0.787486        0.023511
  340689.714367        0.780081        0.010770
  340573.520851        0.789109        0.026810
  341158.628744        0.776344        0.026319
  341141.026291        0.792874        0.012298
  341480.566279        0.797505        0.007837
  341641.788932        0.799448       -0.004895
  342170.668849        0.764224        0.008197
  342196.534689        0.780347        0.032728
  342253.036026        0.797656        0.028883
  342773.626364        0.784333        0.025486
  342835.489744        0.781157        0.016602
  343500.585304        0.780460        0.014855
  343350.804170        0.801455        0.037371
  343405.933283        0.786496        0.003983
  343714.517054        0.799339        0.023442
  344001.310515        0.795093        0.016227
  344405.202728        0.801970        0.009961
  343981.043273        0.793196        0.015245
  345251.566230        0.780271        0.017845
  345073.792295        0.794886        0.014127
  345053.040291        0.786821        0.014368
  345681.528666        0.781156        0.021745
  345667.350298        0.784263        0.036266
  345823.359454        0.816207        0.024009
  346232.434807        0.785368        0.023906
  346429.705851        0.779939        0.016961
  346528.666391        0.780489        0.004880
  346887.090216        0.787146        0.015659
  346742.122265        0.801717        0.022832
  347337.740082        0.782797        0.016741
  347435.115877        0.789457        0.014677
  347591.190180        0.796878       -0.002561
  347875.550147        0.794618        0.020958
  347970.382082        0.799236        0.003296
  348084.309445        0.793936        0.000720
  348413.241416        0.778830        0.014062
  348575.371046        0.796315        0.027379
  349243.069371        0.801498        0.015309
  348993.381618        0.789961        0.009658
  349585.658065        0.807470        0.010084
  349627.585731        0.792279        0.005605
  349841.763073        0.799544        0.015441
  350041.119265        0.809591        0.028644
  350343.801908        0.776542        0.022638
  350264.937433        0.791295        0.012852
  350689.243333        0.782510        0.015412
  350969.252263        0.806379        0.027875
  351293.360952        0.784751        0.020869
  351200.480354        0.800214        0.022231
  351247.676153        0.798216        0.035457
  351787.190061        0.799940        0.008426
  352137.403859        0.783655       -0.001951
  352176.583908        0.786291        0.022321
  352822.772430        0.793077        0.012133
  352998.258197        0.783389        0.005678
  352906.048733        0.789666        0.023995
  353191.993020        0.784831        0.013883
  353514.315967        0.785000        0.032102
  353252.828875        0.795074        0.021133
  353996.213053        0.776662        0.028366
  354018.289599        0.793280        0.009881
  354648.854634        0.801315        0.001948
  354073.246515        0.784480        0.007399
  354971.474414        0.785973        0.027512
  354795.819526        0.788677        0.004081
  355420.738060        0.809643        0.022595
  355263.534645        0.798037        0.024770
  355634.902309        0.773367        0.027123
  356252.623206        0.792025        0.011689
  356058.550627        0.787901        0.009561
  356190.236656        0.772687        0.022776
  356728.962163        0.790338        0.022900
  356987.308976        0.787927        0.015137
  356880.248137        0.782304        0.017884
  356997.231529        0.782428        0.019090
  357685.587308        0.803193        0.023973
  357853.455648        0.792961        0.007908
  358378.987959        0.781648        0.001807
  357808.234605        0.779514        0.025503
  358503.786103        0.797567        0.001256
  358771.628182        0.794490        0.014784
  358890.656311        0.786173        0.013733
  358734.725062        0.770659        0.033023
  359102.241311        0.809976       -0.004465
  359347.332956        0.787765        0.016618
  359671.402938        0.785910        0.007025
  359954.510345        0.809835        0.026746
  360087.182776        0.783435        0.017063
  360403.543646        0.779389        0.011781
  360473.665457        0.775410       -0.002613
  360616.740162        0.787293        0.001039
  360877.104143        0.789414        0.010496
  361079.278205        0.793959       -0.001935
  361558.813853        0.804323        0.034533
  361708.644512        0.791503        0.009060
  362256.632645        0.784364        0.018644
  362189.546494        0.799806        0.027613
  362304.404638        0.795132        0.001273
  362699.665892        0.783411        0.026395
  362655.213569        0.802781        0.013963
  362999.179806        0.792483        0.006599
  362954.087493        0.787404        0.018839
  363543.597039        0.780445        0.019385
  363602.987965        0.809362        0.014815
  364303.751837        0.784465       -0.000104
  364362.338261        0.787926        0.001456
  364402.743935        0.805541        0.019221
  364600.582820        0.802647        0.030090
  365295.222537        0.780236        0.029332
  365053.466216        0.802530        0.024752
  365164.035399        0.788215       -0.005440
  365268.754227        0.781371        0.024678
  365739.855147        0.782607        0.013775
  365980.539711        0.787395        0.002716
  366469.556044        0.806868        0.001637
  366039.524839        0.786419        0.018126
  366714.500939        0.801626        0.014424
  367032.279094        0.799171        0.016225
  366986.952130        0.798688        0.001127
  367575.930839        0.787179        0.011322
  367441.211140        0.803687        0.011457
  367624.085659        0.795355        0.007951
  367819.876943        0.782615        0.014285
  367732.281582        0.790038        0.002665
  368306.908800        0.789042        0.029252
  368859.407677        0.788151       -0.002179
  368708.453131        0.797679        0.019822
  369120.509247        0.790105        0.017408
  369131.982237        0.793321        0.009600
  369427.331061        0.788266        0.021773
  369569.475993        0.786902        0.022568
  369997.750092        0.783179        0.020078
  369697.132737        0.782160        0.017879
  370026.424369        0.796956        0.003506
  370620.245214        0.791946       -0.001517
  371059.083741        0.790216       -0.007032
  371078.960908        0.784661        0.024664
  371278.538362        0.811499        0.025068
  371579.004797        0.800697        0.018254
  371676.899543        0.786853        0.016096
  371762.922952        0.769531        0.020334
  372278.017303        0.811448        0.040424
  372606.608231        0.789670        0.010568
  372536.959638        0.786208        0.027894
  372638.030449        0.787102        0.011914
  372955.232948        0.770217        0.016787
  373475.293392        0.786895        0.018690
  373377.831620        0.787710        0.015652
  373880.334148        0.785625       -0.004191
  373863.322508        0.781438        0.005253
  374217.831422        0.813907       -0.004244
  374431.242507        0.788085        0.002567
  374445.662767        0.778036       -0.003938
  375025.445018        0.782855       -0.002770
  374880.572533        0.816806        0.016411
  375024.906549        0.788102        0.012080
  375476.305241        0.793015        0.007183
  376303.118530        0.794207        0.010727
  376026.422529        0.805459        0.011256
  376117.172406        0.795166        0.025002
  376288.742046        0.789149        0.015576
  376997.750302        0.791530       -0.008271
  376502.451090        0.803896        0.009623
  376937.362871        0.807813        0.032867
  377178.260279        0.793519       -0.003633
  377784.568610        0.788212        0.023161
  377777.608799        0.811595        0.007076
  378000.621090        0.788342        0.008933
  378447.255016        0.802733       -0.001039
  378884.021471        0.812690        0.001739
  378677.872851        0.772915        0.012084
  378990.994425        0.791356        0.015744
  379443.106012        0.801687        0.014938
  379439.311075        0.806164        0.011337
  379732.259456        0.802756        0.012819
  379762.325920        0.792094        0.022302
  379936.251568        0.794580        0.023684
  380181.210536        0.802296        0.021959
  380470.812798        0.800771        0.010871
  380911.911597        0.794513        0.005635
  380892.675421        0.783272        0.021618
  381018.447700        0.783916        0.045017
  381526.388117        0.797395        0.007777
  381474.830663        0.795855        0.009079
  381879.071603        0.790046        0.002939
  382060.205753        0.788590        0.028570
  382853.144072        0.784290        0.018154
  382645.559959        0.794430       -0.000496
  382911.129372        0.805257        0.011936
  383100.526607        0.783699       -0.004431
  383081.084617        0.792710        0.002809
  383486.730667        0.785822        0.013771
  383609.648871        0.802896        0.012902
  383695.418090        0.814290        0.022171
  383992.926545        0.793016        0.010567
  384217.493268        0.804198        0.000698
  384416.373614        0.792156        0.034494
  384886.367685        0.783483        0.006549
  384927.751290        0.807254        0.017548
  384849.777239        0.779393        0.024389
  385571.410982        0.802937        0.014978
  385807.159999        0.793573        0.002580
  385923.846456        0.788363        0.020169
  386005.636719        0.788877        0.012528
  386491.048102        0.806026        0.017936
  386193.802816        0.787900        0.032476
  386852.271845        0.774917        0.002885
  386892.534647        0.800022        0.002627
  387311.840271        0.786888        0.016702
  387596.675815        0.776645        0.015824
  387277.736237        0.778747        0.013407
  388011.620062        0.803597        0.002649
  388164.015434        0.780988        0.011104
  388571.216210        0.773930        0.007009
  388605.946153        0.794263        0.001764
  388919.156190        0.773845        0.028059
  388994.084861        0.802006        0.013011
  389087.150994        0.793632        0.014793
  389461.445745        0.776980        0.026707
  389876.408828        0.793838        0.021947
  389981.928159        0.818098        0.012791
  390598.262607        0.800340        0.004644
  390378.234033        0.783468        0.018224
  390413.243538        0.811851        0.025241
  390642.443449        0.799411        0.011273
  390821.303579        0.803870        0.027869
  391472.625631        0.788088        0.037045
  391798.273629        0.809970        0.000402
  391677.054182        0.793540        0.003302
  391609.319263        0.810353        0.007955
  392073.449095        0.790506        0.018744
  392346.699958        0.784068        0.015550
  392807.430157        0.798537        0.013424
  392720.103101        0.786906       -0.009316
  392886.224442        0.807085        0.010445
  393323.757650        0.794320        0.018147
  393555.998007        0.787977        0.012544
  393995.120744        0.794781        0.005216
  394087.605325        0.811255        0.019182
  394344.849991        0.776516        0.004211
  394411.250114        0.782639       -0.006179
  394773.734702        0.791201        0.012825
  394964.875576        0.798571        0.016493
  394870.537151        0.796629        0.004172
  395362.452786        0.792496        0.009324
  395851.347341        0.794776        0.022381
  396051.027643        0.794277        0.002578
  396039.112776        0.813972        0.027063
  396190.952926        0.792797        0.018913
  396578.300154        0.802139        0.024487
  396744.333820        0.792534        0.013837
  396806.594009        0.806790        0.004237
  397572.985256        0.805557        0.015407
  397488.331022        0.794457       -0.001803
  397570.008535        0.796251        0.009085
  397962.779179        0.810254        0.005833
  398350.689559        0.790697        0.014345
  398078.998983        0.791144        0.013876
  398158.444745        0.784885        0.006423
  398775.529905        0.808362        0.022679
  398925.585972        0.794863        0.013157
  399390.973751        0.772121        0.025659
  399594.318016        0.816506        0.002737
  400016.207661        0.790728        0.008672
  399708.438601        0.792201        0.013595
  399870.428628        0.808256        0.020070
  400308.522373        0.797067        0.010664
  400875.884332        0.804340        0.020792
  400658.422503        0.793133        0.027691
  401534.364780        0.818440        0.017406
  401407.761459        0.780959        0.021035
  401410.419822        0.813444        0.004663
  401761.613545        0.787292        0.014245
  401982.657252        0.785700        0.016254
  402499.825356        0.793295       -0.001451
  402161.614087        0.798088        0.024236
  402328.726257        0.790153        0.012242
  402697.038252        0.781428        0.011192
  403480.018315        0.813321        0.009077
  403483.555289        0.794712       -0.002282
  403730.933823        0.812702        0.004836
  403759.038043        0.799844       -0.001031
  404208.162649        0.798094        0.007355
  404151.587212        0.811750        0.031173
  404287.567987        0.798621        0.007016
  404575.383040        0.793872        0.004667
  404889.584246        0.780067        0.014371
  405102.520213        0.775416        0.015080
  405436.036935        0.792341        0.002793
  406040.829833        0.805148        0.027417
  406037.251003        0.782234        0.014800
  405876.548320        0.783704        0.003885
  406111.913208        0.782326        0.005130
  406746.009530        0.805896        0.034224
  406994.337599        0.805237        0.002715
  406602.310210        0.810032        0.009813
  407244.994876        0.803838        0.005813
  407723.166596        0.801561        0.019160
  407509.899743        0.785763        0.001979
  408205.911045        0.798317        0.008641
  408238.118621        0.803354        0.008305
  408258.258571        0.785632        0.015221
  408554.300859        0.811049        0.009637
  408798.973519        0.783282        0.011066
  409037.125225        0.809800       -0.005666
  409144.576555        0.803569        0.015495
  409596.383489        0.782690        0.001260
  409874.013385        0.800123        0.010534
  410005.289144        0.801524        0.015736
  409792.259827        0.810945        0.025025
  410474.286015        0.793735        0.031343
  410403.284314        0.787492       -0.007493
  411013.914615        0.780621        0.017823
  411076.489886        0.781015        0.005419
  411064.214030        0.807836        0.026469
  411404.658462        0.792291        0.017989
  411479.452362        0.800214       -0.000845
  412114.116663        0.793317        0.006650
  412258.774071        0.802007        0.011733
  412549.219024        0.803820        0.016611
  412607.542429        0.806220        0.018619
  412630.630146        0.782452        0.003602
  412780.420385        0.779916       -0.000300
  413345.945257        0.800250        0.028884
  413567.378227        0.777786        0.013649
  413721.606421        0.798245       -0.005983
  413870.882699        0.787532        0.010709
  414309.432383        0.797488        0.004165
  414672.953535        0.763843        0.022399
  414969.783818        0.775660        0.031265
  414922.317514        0.802546       -0.006717
  415267.249645        0.784113        0.022440
  415316.912467        0.785303        0.022983
  415481.859653        0.772251       -0.006019
  415464.261546        0.784154        0.009672
  416313.458810        0.786407        0.002391
  416173.443234        0.793928        0.012076
  416461.626496        0.811267        0.011572
  416561.898131        0.799426        0.017854
  417191.553409        0.798619        0.004187
  417384.249529        0.799842       -0.004464
  417340.564296        0.784361        0.012946
  417403.700315        0.817225       -0.000327
  417363.601680        0.793171        0.023435
  418223.104258        0.786096        0.007088
  418234.440160        0.815736        0.012427
  418416.469717        0.798953        0.015001
  418786.781518        0.791222        0.015323
  419047.471451        0.791752        0.007455
  419368.519931        0.786939        0.008724
  419686.557764        0.782872        0.022321
  419946.182288        0.800887        0.015488
  419554.625229        0.785785        0.004915
  420134.263505        0.792940        0.013882
  420549.337742        0.780336        0.008658
  420641.565893        0.778138       -0.001639
  420660.354267        0.808810       -0.017754
  421011.309900        0.789730        0.008779
  421525.836280        0.802186        0.014977
  421249.535215        0.794012       -0.002821
  421870.555878        0.791456        0.016539
  421712.075757        0.809085        0.013530
  421560.887555        0.802850        0.002365
  421908.757768        0.790079        0.020447
  422827.281904        0.785826        0.013180
  422302.390410        0.784287        0.022396
  423251.448550        0.804343        0.014959
  423003.483213        0.791497        0.003202
  423537.971534        0.783325        0.006516
  424063.571138        0.806086       -0.009884
  423637.068087        0.793443        0.033797
  423841.328627        0.798742        0.007478
  423740.782355        0.799271        0.002314
  424379.687060        0.805274        0.019768
  424503.289628        0.787775        0.018936
  424977.081839        0.805576        0.014960
  425102.873225        0.788142        0.001059
  425413.929159        0.776867        0.002091
  425713.134785        0.796618        0.001795
  425851.141158        0.799223        0.022655
  426267.740571        0.784472        0.008593
  426301.547664        0.794403        0.013092
  426478.958498        0.802675       -0.002975
  426933.901138        0.783303        0.019844
  427046.771639        0.802956        0.021923
  427360.259441        0.801527       -0.002742
  427112.149050        0.781667        0.012413
  427620.395797        0.805138        0.006762
  427948.544998        0.796384        0.023933
  428568.601831        0.799001        0.018436
  428019.930549        0.773243        0.024157
  428315.636249        0.804154       -0.003498
  428847.026271        0.802702        0.009464
  428897.962807        0.784763        0.022481
  429005.895601        0.772208        0.008500
  429416.753010        0.798834        0.010474
  429628.678381        0.784431        0.016359
  429969.564265        0.795627        0.002738
  429953.620397        0.788915        0.034801
  430458.181485        0.798559        0.005465
  430540.823853        0.801103        0.008302
  430680.961916        0.792165        0.005834
  430841.581251        0.795743        0.015040
  431214.283568        0.793241        0.020059
  431640.761178        0.785906        0.022912
  432147.218589        0.781958        0.010818
  431595.749803        0.791826        0.010103
  432171.924214        0.774288        0.015678
  432507.059719        0.796831        0.001940
  432517.677600        0.806064        0.014721
  432879.333656        0.814035        0.017044
  433238.646554        0.798633        0.012099
  433304.895137        0.795992        0.035731
  433524.318606        0.806947        0.008579
  433209.874023        0.809843        0.017622
  433929.695867        0.808454        0.005884
  434201.967579        0.794759        0.030457
  434076.718443        0.775041        0.015495
  434542.215046        0.794978        0.013542
  434791.481345        0.808237       -0.001088
  435313.373642        0.805775        0.004891
  435253.901159        0.790136        0.003212
  435537.181287        0.791978        0.013108
  435599.695092        0.795365       -0.005551
  435921.436364        0.789707        0.019166
  436222.191656        0.795317        0.016061
  436233.304346        0.802536       -0.002456
  436727.097125        0.795182        0.011392
  436686.401525        0.798286        0.005153
  436599.448987        0.787845        0.019331
  437398.318224        0.777422        0.012567
  437441.155925        0.794736        0.027421
  437466.607863        0.783072        0.017025
  437714.895497        0.800713        0.008478
  437995.965048        0.796306        0.029985
  438611.211399        0.806028        0.020817
  438803.813105        0.794445        0.018808
  438875.300879        0.788939        0.013713
  439131.510211        0.809000        0.015437
  439592.543696        0.802834        0.001291
  439802.712941        0.800433       -0.003806
  439759.812423        0.797264        0.003774
  440499.414636        0.800528        0.013765
  440410.242546        0.790033        0.009450
  440165.344532        0.793839        0.010814
  440668.958984        0.806840        0.031862
  440656.502208        0.799922        0.014267
  440896.788659        0.799992        0.014535
  441017.625136        0.803109        0.008859
  441650.696065        0.791204        0.015914
  442089.268981        0.792661        0.024162
  442034.338190        0.796203       -0.013127
  442163.455600        0.799319        0.009261
  442349.610433        0.786306        0.021407
  442502.043299        0.805396        0.025122
  443256.508688        0.805537        0.014379
  443121.831276        0.805517        0.024389
  443721.571232        0.773906        0.002452
  443145.071394        0.809623        0.018165
  443746.725050        0.796354        0.017894
  444033.217781        0.775099        0.016184
  443746.693424        0.799717        0.002652
  444846.184620        0.807460        0.009057
  444818.970840        0.775490        0.028486
  444881.159325        0.799123        0.000981
  444943.419558        0.819323        0.019725
  445590.491781        0.796402        0.012597
  445324.839410        0.804933       -0.001587
  445475.278644        0.791556       -0.007466
  446187.291968        0.786875        0.015851
  446388.165666        0.781023        0.007350
  446337.689647        0.800153        0.021658
  446780.122129        0.800615        0.008328
  446821.063812        0.796643        0.018521
  447213.155577        0.809167        0.022572
  447382.376825        0.799862       -0.013982
  447237.196921        0.786197        0.014185
  447534.959623        0.797878        0.021765
  448181.281621        0.798653        0.004881
  448289.100820        0.805519        0.005224
  448371.851391        0.796113        0.001810
  448561.336139        0.810726        0.018127
  448801.658603        0.793849        0.018661
  449683.091348        0.815407        0.034242
  449750.175866        0.786985        0.020470
  449765.249892        0.786231        0.015860
  450021.734792        0.791715        0.031185
  450386.595163        0.791859        0.001962
  450425.512522        0.787436        0.014983
  451004.113556        0.809153        0.007033
  450936.410506        0.800005        0.014493
  451015.110277        0.788957        0.003269
  451326.634379        0.799542        0.024375
  451103.011888        0.783478        0.014075
  451947.338268        0.808701        0.001634
  451956.324269        0.789967        0.007905
  452222.784302        0.804652        0.011906
  452506.316034        0.796556        0.010925
  452389.743049        0.789920        0.013426
  452860.458811        0.803224        0.015158
  452782.344722        0.809068        0.007111
  453189.289875        0.792715        0.034545
  453673.404184        0.793546        0.008517
  453597.956920        0.812088        0.010080
  453945.532280        0.791371        0.009169
  453872.562642        0.800214        0.007121
  454396.271292        0.793159        0.021369
  454545.773944        0.790030        0.009436
  454641.672330        0.791180        0.017723
  455078.398217        0.791929        0.006046
  455225.318922        0.799207        0.013436
  455290.402504        0.794597        0.022448
  455571.554730        0.798135        0.018935
  455855.530982        0.784695        0.009414
  456283.995064        0.794673        0.018121
  456143.347392        0.792694        0.000589
  456406.112324        0.800753        0.003381
  456841.918122        0.809862       -0.002886
  457001.407526        0.806961        0.008491
  457234.250944        0.789290       -0.011375
  457486.715373        0.800459       -0.003572
  457860.103484        0.810594        0.007446
  457876.611049        0.790082        0.012255
  458486.348045        0.782746        0.007889
  457994.015369        0.792422        0.019173
  458548.625309        0.802088        0.019415
  458738.490569        0.796511        0.008381
  459105.269042        0.781180        0.023449
  459375.838294        0.798239        0.001535
  459629.915558        0.780963        0.026343
  459307.299331        0.813365        0.027247
  460003.358208        0.800501       -0.007553
  460182.602187        0.804410        0.013684
  460675.412321        0.783297        0.005667
  460544.228572        0.798482        0.016800
  460695.842179        0.790412        0.000768
  460955.326915        0.783352        0.016531
  461184.735542        0.785837        0.001134
  461648.910517        0.804926        0.018434
  461676.412018        0.788473        0.022629
  462240.925300        0.790000        0.026623
  462703.243950        0.793883       -0.003212
  462531.836632        0.809908        0.011528
  462503.005340        0.791852        0.016717
  463042.123435        0.799878        0.010918
  462763.576434        0.809786        0.005931
  463315.889329        0.809262        0.003329
  463741.596708        0.794570        0.026954
  463829.631789        0.807792        0.017849
  463962.311226        0.801645        0.023852
  464192.355979        0.797507        0.024978
  465096.918699        0.797457        0.010356
  464783.320288        0.786193        0.024693
  465000.870191        0.782396        0.001843
  465199.969117        0.790623        0.023090
  465220.428273        0.791788        0.026258
  465447.427974        0.806497        0.029045
  465726.185671        0.791356        0.025086
  466194.956182        0.808863       -0.009497
  465930.405713        0.788668        0.016149
  466581.379525        0.801082        0.001577
  466501.486480        0.800144        0.008927
  467029.328994        0.786376       -0.000673
  467256.485320        0.789339        0.021069
  467027.446746        0.781053        0.020912
  467690.012157        0.792597       -0.004043
  467780.682128        0.802653        0.012765
  468125.483884        0.808788       -0.008775
  468632.914034        0.778691        0.013654
  468556.080709        0.803765        0.016022
  468697.448266        0.795706        0.009228
  469095.507373        0.793312        0.014871
  468979.742307        0.793599        0.000947
  469529.114314        0.793704        0.018712
  469424.444191        0.799799        0.016399
  469602.880714        0.794995        0.017797
  470149.249184        0.778045        0.021966
  470365.498659        0.796588       -0.013181
  470838.383465        0.774846        0.016396
  470896.723722        0.786246        0.024884
  471115.677693        0.797900        0.008410
  471307.192280        0.800591        0.008599
  471429.802534        0.805111        0.014057
  471580.732255        0.776956        0.016563
  471833.198114        0.780134        0.015308
  472204.430415        0.795840       -0.000005
  471876.181845        0.813990        0.001905
  472387.415374        0.791869       -0.009724
  472941.404734        0.804921        0.012873
  472630.347710        0.810350        0.000532
  473341.081129        0.803166       -0.003002
  473318.651335        0.804208        0.006196
  473681.255948        0.791038        0.016764
  474010.420495        0.786544        0.000650
  474025.205155        0.787203        0.015049
  474219.010200        0.801799        0.011751
  474769.212524        0.799838        0.022609
  474984.346286        0.795982        0.028692
  475124.788446        0.809364       -0.003677
  475258.878813        0.813621        0.023721
  475555.569599        0.791332        0.001112
  475364.165485        0.779120        0.015639
  475696.603946        0.791227        0.002893
  476334.002020        0.801021        0.002696
  475986.934153        0.809649        0.008107
  476789.627320        0.798116        0.007649
  477059.545419        0.799147        0.003353
  477305.061154        0.782168        0.013087
  477346.864739        0.803806        0.020505
  477683.429255        0.805477        0.015225
  477462.949843        0.799570       -0.002666
  478073.341438        0.785066        0.004121
  477864.871684        0.802637       -0.002557
  478794.027524        0.805484        0.006260
  478398.043516        0.815658        0.034709
  479174.056028        0.798941       -0.005391
  479190.674113        0.783864        0.019913
  479212.718914        0.794365        0.000246
  479408.404078        0.792198        0.016495
  479927.049461        0.810810        0.019933
  480022.939419        0.799054        0.004050
  480211.062006        0.788752        0.005613
  480314.003293        0.781021        0.015132
  480519.898517        0.791150        0.021023
  480979.734647        0.794860        0.000792
  481028.535896        0.806099        0.011430
  481008.815411        0.811310       -0.000637
  481543.202676        0.799343        0.010883
  481606.656643        0.774332        0.003197
  481847.479405        0.798626        0.015313
  482446.330779        0.789467        0.005352
  482687.283265        0.811282        0.020623
  482518.578198        0.787518        0.018865
  483007.992518        0.780856        0.026268
  483274.936311        0.802816        0.004654
  483419.689572        0.796489        0.021725
  483728.794652        0.802424        0.009848
  483786.606843        0.811776        0.015457
  483841.362368        0.808518        0.007571
  483840.909533        0.783768        0.021522
  484568.490550        0.774888        0.008650
  484909.818206        0.801206       -0.012802
  484813.264250        0.807083       -0.000720
  485090.878790        0.790190        0.019422
  485213.253310        0.791984        0.006195
  485459.763495        0.812982        0.018048
  485950.676896        0.805041        0.006912
  485919.641412        0.797230        0.012509
  486300.979532        0.807912        0.010333
  486598.886341        0.797595        0.007247
  486561.538108        0.783326       -0.004205
  487150.426252        0.800726        0.018670
  486917.122439        0.781095        0.026092
  487389.941890        0.804591        0.018348
  487612.776759        0.782419       -0.013300
  488123.758127        0.804805       -0.001200
  488298.756058        0.801690       -0.004951
  488294.775449        0.805268        0.015910
  488539.489678        0.803666        0.029945
  488790.559067        0.810524        0.005024
  489502.905318        0.782917        0.012423
  489450.070221        0.803724        0.028864
  489571.364453        0.791721        0.024747
  489718.148925        0.811832        0.003927
  489882.550734        0.796786        0.012795
  489910.951954        0.778396        0.015027
  490397.110360        0.802871        0.029640
  490837.234767        0.779520        0.009864
  491224.044789        0.785020        0.005990
  490600.891048        0.780146        0.001405
  491350.096988        0.788530        0.006159
  491680.878688        0.792406        0.015898
  491711.906642        0.788603        0.012949
  491592.635807        0.783188        0.006346
  492273.532732        0.798694       -0.001701
  492507.933314        0.791231        0.016081
  492629.910118        0.796347        0.005832
  492957.173405        0.796822        0.022951
  492663.331031        0.784165        0.019235
  493086.483100        0.779887        0.001759
  493410.658341        0.810263        0.011389
  494012.360035        0.797532        0.018844
  494068.054264        0.809627        0.014931
  494190.749195        0.791089       -0.006624
  494085.381165        0.789918        0.005631
  494789.507625        0.814413        0.006580
  494908.051314        0.790618       -0.006977
  495529.465847        0.797065       -0.007269
  495015.117320        0.767165       -0.002776
  495305.121026        0.794529        0.009931
  495696.064785        0.800800        0.016923
  496036.859582        0.815078        0.015807
  496215.900238        0.783155       -0.003654
  496485.444300        0.814129        0.023997
  497095.864662        0.792580        0.012889
  497176.938668        0.815370       -0.000876
  496787.822550        0.817529        0.002596
  497490.437775        0.799776        0.022028
  497498.953988        0.808193       -0.005389
  497651.680361        0.792752        0.000426
  497880.731863        0.792372        0.007503
  498287.744756        0.798325       -0.002433
  498244.760828        0.791354        0.014934
  498647.253417        0.811909        0.012132
  499429.357634        0.789860        0.013766
  499089.331040        0.798499        0.014431
  499530.639690        0.801540        0.012884
  499388.665882        0.783842        0.006626
  499952.145239        0.791546        0.013741
  499928.400307        0.786484        0.018727
  500308.500191        0.792511        0.013062
  500484.135565        0.807976       -0.007677
  500665.426620        0.803276        0.018767
  501097.675598        0.792728        0.007759
  500942.860050        0.789787        0.022536
  501460.275001        0.790101        0.019942
  502123.642491        0.797151        0.032558
  501861.289724        0.790220        0.005025
  502064.121287        0.809415        0.016448
  502172.678865        0.811465        0.000504
  502621.380435        0.801180        0.014727
  502872.431513        0.799238        0.001736
  503176.400200        0.791007        0.017110
  503442.428290        0.804302        0.000933
  503234.961267        0.803704        0.018728
  503463.083996        0.808498        0.007507
  503870.050864        0.789369        0.007709
  504227.771960        0.797527       -0.009250
  503942.040350        0.797915        0.012924
  504611.515463        0.790813       -0.012365
  504585.516190        0.807041        0.010018
  504844.375893        0.799065        0.017097
  505275.432168        0.770178        0.020408
  505537.695167        0.790710        0.050010
  505892.583276        0.789328        0.005230
  506244.283767        0.793418        0.022287
  506516.347487        0.804562        0.015350
  506066.018303        0.809398        0.005154
  506800.429786        0.797852        0.008668
  506669.398017        0.815383        0.011984
  507088.112111        0.813064        0.010992
  507280.241402        0.814828        0.012318
  507796.046549        0.798811        0.014312
  507706.076331        0.803939       -0.006863
  508025.481827        0.790141       -0.000732
  508202.438578        0.805221        0.018368
  508364.708725        0.802170        0.003710
  508375.959333        0.787776        0.016685
  508692.494428        0.800946        0.006639
  509171.103593        0.798336       -0.004599
  509464.850759        0.801657       -0.015392
  510165.977709        0.787974        0.008565
  510025.799315        0.774512        0.009241
  509710.006132        0.791394        0.007826
  510332.298052        0.792747       -0.001372
  510208.808248        0.797662       -0.005051
  510943.085715        0.780170        0.014209
  510811.097329        0.790304       -0.003438
  510928.423443        0.780349       -0.009840
  511043.113258        0.787498       -0.003428
  511519.382389        0.789727        0.014884
  512149.604067        0.798764        0.005533
  512065.835673        0.797702        0.008778
  512185.780230        0.807998        0.021740
  512171.194977        0.797325        0.000135
  512740.093240        0.793641        0.006021
  513004.442619        0.813421        0.006288
  512825.435315        0.809349        0.006598
  513588.792530        0.795506       -0.007100
  513389.653731        0.790312        0.002487
  513479.644144        0.793657        0.001649
  513568.316873        0.803083        0.024186
  514250.160399        0.801689        0.007647
  514572.832967        0.806769       -0.002343
  514462.124453        0.795654        0.015170
  515007.541999        0.799856        0.005964
  515217.685167        0.790733        0.009220
  515742.620611        0.811780        0.024818
  515501.039388        0.804753       -0.002235
  515701.267310        0.774306        0.009444
  515965.815159        0.788417        0.013957
  516464.888841        0.801687        0.012205
  516675.549601        0.794571        0.011789
  516713.299460        0.786517        0.006873
  516841.048534        0.785998        0.025581
  517477.175071        0.801489        0.012627
  517485.906168        0.800670        0.004140
  517823.396480        0.797479        0.010293
  518082.261637        0.775115        0.002178
  518298.543733        0.806550        0.022003
  518388.024031        0.824897       -0.001452
  518593.205673        0.800783        0.004651
  519031.808031        0.782395        0.026269
  519149.951712        0.793675        0.007750
  519432.293325        0.804812        0.018865
  519171.371743        0.804401       -0.005708
  519442.108007        0.784627        0.016215
  519922.158623        0.810754        0.007299
  519883.869584        0.795716        0.001634
  520354.203772        0.794569        0.005729
  520509.209170        0.798641       -0.000687
  520448.917243        0.797359        0.015815
  521391.387339        0.802105        0.023917
  521148.989659        0.793814        0.011469
  521806.749512        0.781038        0.017481
  521788.324978        0.799527        0.027046
  521672.794193        0.809347        0.018438
  521828.796043        0.801879        0.012685
  522502.741286        0.801814        0.012465
  522600.442824        0.778691        0.017010
  522577.023577        0.802257        0.005595
  523176.033698        0.778395       -0.001369
  523292.865237        0.789347        0.005578
  523713.869595        0.805575        0.011424
  523713.954491        0.786081        0.005200
  523514.423797        0.799513        0.005793
  524541.179082        0.787216        0.020936
  524026.019770        0.803265        0.010159
  524834.377849        0.787168       -0.000798
  524987.729531        0.792996        0.006982
  524979.384715        0.782812       -0.007572
  525296.757021        0.798937       -0.001757
  525411.452862        0.802857        0.004549
  525443.718748        0.800345        0.002162
  525648.792239        0.793447        0.006261
  525976.801748        0.791931        0.011257
  526725.932978        0.796941        0.011470
  526925.998044        0.805814        0.007103
  526801.773243        0.805990        0.016025
  526940.736378        0.805111        0.004621
  527518.274801        0.807538        0.009332
  527845.051360        0.788568        0.015103
  527705.114898        0.816408       -0.002803
  527932.431201        0.789325        0.006571
  528654.303121        0.794776        0.002658
  528494.710758        0.784415       -0.005048
  528947.138901        0.812125        0.000047
  528654.320210        0.791072        0.000681
  529298.211947        0.787716        0.008781
  529122.350990        0.814503        0.004284
  529604.150666        0.790664        0.009505
  529508.871012        0.783087        0.007899
  530130.095270        0.810259        0.018270
  530269.093405        0.785289        0.014445
  530000.125173        0.802551        0.003069
  530763.816664        0.813472        0.023975
  530883.460422        0.797809       -0.000478
  531568.985148        0.812376        0.004886
  531320.261717        0.782030       -0.003509
  531726.527667        0.784445       -0.023535
  531747.358416        0.791710        0.002691
  531818.985937        0.798597        0.002089
  532176.613302        0.814124        0.004541
  532284.015241        0.780463        0.014052
  532681.053756        0.806965        0.006218
  533210.058617        0.797168        0.014052
  532887.418815        0.778596        0.009978
  533350.344914        0.788431       -0.000822
  533712.030714        0.782988        0.010815
  533857.329321        0.813129        0.030177
  533907.107086        0.797382        0.023809
  534195.291132        0.796697        0.000298
  534603.533504        0.801110       -0.002990
  534804.447008        0.806345        0.000425
  535122.971966        0.796150        0.014182
  535056.466803        0.795542        0.004404
  535061.492470        0.793629        0.023352
  535675.630924        0.793084        0.015270
  535865.506780        0.783632        0.025353
  535812.535237        0.790244        0.012624
  536236.701674        0.780922        0.005251
  536687.695361        0.793968        0.015850
  536786.924362        0.806762        0.021465
  536799.370630        0.791470        0.016422
  537348.476954        0.790498        0.023497
  537684.724539        0.797297        0.013630
  537885.946523        0.804812        0.014815
  537791.122522        0.790710        0.011808
  538153.172864        0.798762        0.015329
  538506.256915        0.810078        0.010927
  538680.630172        0.804020        0.019497
  538330.842917        0.783163        0.001780
  539284.397067        0.812013       -0.001874
  539379.579692        0.788964        0.008741
  539845.553286        0.789679       -0.002632
  539661.276663        0.787127        0.019601
  540377.236032        0.787601        0.015353
  540326.894372        0.806202        0.019805
  540115.076642        0.793140        0.006605
  540712.356065        0.805354        0.032288
  540841.355243        0.794941        0.000350
  541365.121672        0.808424        0.017697
  540982.216844        0.806979        0.011375
  541792.974961        0.807689        0.002592
  542190.745830        0.806884        0.022703
  542015.754603        0.784324       -0.005850
  542083.890711        0.801967        0.006307
  542355.854705        0.797926        0.006386
  542858.977404        0.796972        0.010631
  542756.365391        0.802556       -0.005117
  543296.344645        0.796863        0.001740
  543806.615891        0.799019        0.011084
  544073.714119        0.792552        0.006990
  544061.473681        0.802252        0.008247
  544196.211263        0.811735        0.006350
  544041.697668        0.812224        0.003762
  544506.842642        0.805800        0.006525
  544957.553327        0.801156       -0.003491
  545123.381590        0.790708        0.030223
  545146.591305        0.794683        0.011821
  545343.987354        0.795287        0.015427
  545854.406025        0.805416       -0.001960
  545906.328600        0.801089       -0.005241
  546052.661045        0.815633        0.015582
  546645.266692        0.795132        0.012251
  546816.729725        0.820355       -0.006049
  546647.805125        0.812542        0.008096
  547206.822454        0.783457       -0.005054
  547332.484206        0.794024        0.005393
  547548.896049        0.792984        0.033623
  547622.465338        0.802800        0.022231
  548278.727030        0.790679        0.019773
  547823.577075        0.790025        0.014891
  548064.111432        0.809420        0.015266
  548704.704134        0.795429        0.015513
  549019.462399        0.810000        0.010835
  549169.691200        0.788191        0.012436
  549346.511372        0.804483        0.017597
  549603.810699        0.783562        0.008041
  549778.336093        0.807854        0.011661
  550053.497604        0.797764       -0.001798
  550301.436283        0.807335        0.019864
  550497.040111        0.803784        0.009609
  551141.468133        0.812208       -0.006768
  550961.685376        0.796092        0.017589
  551217.700424        0.785836       -0.008273
  551403.072964        0.795857        0.007176
  551824.830050        0.794722       -0.008479
  551933.728920        0.803582        0.010300
  552147.474365        0.784646        0.006101
  552034.102484        0.808389        0.008534
  552446.732121        0.813526        0.006923
  552596.825558        0.784854       -0.006262
  552747.310223        0.796276        0.010535
  553135.794017        0.798786        0.003135
  553289.079998        0.801896        0.006371
  553814.668869        0.807978        0.007737
  554119.073728        0.807163        0.014859
  554060.256087        0.805192        0.016712
  553919.294471        0.802601        0.008871
  554597.317157        0.779700        0.017143
  554686.337961        0.806084        0.012387
  554986.409186        0.780901       -0.009038
  555186.116262        0.792597        0.001684
  555540.939513        0.804324        0.010201
  555613.334545        0.802520        0.010302
  555831.129900        0.777691        0.027497
  556290.753763        0.814541       -0.002136
  556710.859678        0.791929        0.019169
  556686.534018        0.804230        0.012605
  556759.780047        0.790783        0.006667
  557242.161844        0.792520        0.013477
  556999.364179        0.790534       -0.007954
  557404.200379        0.804262        0.011987
  558046.502253        0.777808       -0.012415
  557980.866366        0.793178       -0.008186
  558073.852942        0.776057        0.011512
  558226.426680        0.801296       -0.004282
  558688.361586        0.798956        0.012363
  558517.049138        0.792374        0.011634
  558927.738400        0.806371        0.006436
  559530.678982        0.796761        0.018905
  559676.123075        0.787201        0.023704
  560081.228451        0.795718        0.007362
  559986.489107        0.774810        0.026376
  560260.721361        0.789660        0.009786
  560915.562898        0.804516       -0.002697
  560576.433192        0.811589        0.015761
  561257.445267        0.806283        0.006377
  561442.808700        0.787396        0.019487
  561928.510530        0.809370       -0.001006
  561458.928879        0.804136       -0.003893
  562089.736095        0.796595       -0.002511
  562180.708662        0.789981        0.021048
  562026.444198        0.785242        0.011818
  562538.496530        0.788774        0.016648
  562463.593169        0.778266       -0.003716
  563293.720974        0.813039        0.009219
  563773.702922        0.788119        0.029930
  563862.398181        0.789728        0.006074
  563550.494533        0.797397        0.018831
  563820.310621        0.806130        0.007703
  564200.251246        0.803370        0.018762
  564382.868140        0.799060       -0.007370
  564757.070600        0.783443        0.013488
  564976.526353        0.794729        0.021928
  565392.038766        0.822046       -0.005214
  565114.635048        0.801402        0.005729
  565264.021975        0.802657       -0.018813
  565760.725961        0.795763        0.003248
  566285.540721        0.788547        0.016800
  565944.087925        0.771750        0.029172
  566571.334661        0.780444       -0.004296
  566886.441306        0.799627       -0.002733
  566531.645516        0.777429        0.005679
  567375.136232        0.808922        0.013478
  567343.663795        0.785255        0.015614
  567457.234414        0.787297        0.000738
  568073.181047        0.806605        0.002700
  567834.993967        0.791696        0.000682
  568499.624203        0.801155       -0.000767
  568608.162327        0.803665        0.011426
  568622.926029        0.817595        0.002234
  568963.986557        0.797709        0.004652
  569118.151513        0.787117        0.017671
  569544.231490        0.798046        0.008327
  569903.470806        0.792441        0.005495
  569775.960073        0.806368       -0.010380
  570122.890183        0.800819        0.015155
  570684.376005        0.789602        0.019391
  570751.313944        0.791702        0.003782
  571022.406822        0.806203        0.005924
  570855.584426        0.794859       -0.002624
  571385.925528        0.820102       -0.006037
  571646.168587        0.803247        0.002615
  571533.983416        0.804954        0.018750
  572278.156606        0.805728       -0.007837
  572643.030604        0.783997        0.029236
  572546.982690        0.799889        0.004328
  572322.731363        0.815331        0.014552
  572980.459106        0.794078        0.017052
  573511.610329        0.804482       -0.007640
  573499.937337        0.805863        0.017185
  573541.381212        0.795016        0.008468
  573804.930201        0.791900        0.023026
  573698.043683        0.801145       -0.004938
  574264.332518        0.805545        0.000724
  574415.254078        0.798793        0.002476
  574808.267578        0.787504        0.034585
  575010.797462        0.791790        0.022354
  575099.591509        0.785698        0.018739
  575389.139934        0.813538        0.002134
  575408.046401        0.795562        0.005826
  576179.124468        0.820702        0.017026
  576126.327018        0.821088        0.004438
  576692.790408        0.797802        0.024781
  576453.558690        0.801902        0.021438
  576542.693302        0.817072        0.004781
  577019.396870        0.799504        0.005153
  577052.944751        0.790187        0.009211
  577394.074222        0.783184        0.012916
  577986.938269        0.807445        0.007315
  577891.372342        0.802494        0.022548
  578156.950577        0.792452        0.005885
  578513.340249        0.803938        0.010662
  578711.651052        0.780906        0.008046
  578458.922077        0.793532        0.001038
  578907.973140        0.802284        0.006622
  579181.493586        0.801648        0.016637
  579548.180236        0.800923        0.019390
  579465.471076        0.775093        0.019397
  580105.077366        0.797299       -0.000983
  580559.731081        0.803483        0.004627
  580549.229599        0.817755       -0.010277
  580759.744128        0.798360        0.001636
  580853.975999        0.803496       -0.013902
  580955.240240        0.800354        0.011495
  581261.201724        0.821959        0.000304
  581482.964961        0.806495        0.017378
  582036.493312        0.790017        0.001917
  582066.318553        0.793176        0.013669
  582397.122214        0.800095       -0.012466
  582181.270364        0.786241       -0.002754
  582718.098835        0.801758        0.000716
  582571.595545        0.798804        0.011383
  582936.095191        0.805956       -0.005490
  583699.040926        0.770519        0.011545
  583739.880181        0.811436        0.016746
  584058.493400        0.783328        0.000717
  583933.388793        0.777636       -0.021135
  584041.428670        0.799051        0.003792
  585026.098953        0.796956        0.002632
  584497.685353        0.808407       -0.006697
  585133.013176        0.796423        0.007608
  585370.649011        0.785499       -0.003536
  585741.712799        0.803777        0.010160
  585913.891624        0.808861        0.027628
  585908.564686        0.801367        0.017482
  586285.586349        0.806073        0.015185
  586755.049401        0.814900        0.004004
  586659.067477        0.808132        0.000928
  586596.832058        0.801578       -0.000861
  587048.786607        0.791107       -0.009163
  587287.847705        0.786781        0.020942
  587553.697147        0.785290        0.014524
  587663.663685        0.799923        0.014092
  588135.595219        0.789503        0.005950
  588333.237373        0.814526        0.000573
  588313.595914        0.787343        0.001885
  588724.488371        0.784890        0.012334
  589020.264734        0.809012       -0.002724
  589097.376924        0.791560        0.012640
  589353.958566        0.800940        0.010042
  589377.648006        0.800741        0.024399
  589860.049763        0.795007        0.022113
  590019.622395        0.794404        0.016822
  590244.417647        0.792033       -0.009155
  590429.944501        0.785323        0.008911
  590581.232749        0.802117        0.025164
  591150.144499        0.793718       -0.002868
  590940.273293        0.791730        0.019510
  591605.282232        0.808139       -0.002960
  591266.433834        0.814710        0.006296
  591641.318533        0.795275        0.022719
  592009.449474        0.798116       -0.000280
  592221.922223        0.802277       -0.003859
  592371.284747        0.803492        0.030396
  592902.469302        0.806590        0.009836
  592979.497574        0.787590        0.009711
  593403.804033        0.811654        0.012052
  593352.346200        0.806913       -0.001606
  593825.750464        0.806539        0.006180
  593839.609821        0.788105        0.024694
  594500.703198        0.792132        0.011371
  594398.207042        0.814717       -0.000064
  594575.007096        0.776238        0.020817
  594975.112129        0.786275        0.026769
  595159.196481        0.783276       -0.027668
  595391.209852        0.792654        0.013119
  595393.766813        0.784816        0.003550
  595886.229104        0.784963       -0.003723
  596112.047763        0.802670        0.011600
  596263.674945        0.808159        0.011202
  596508.524973        0.815072        0.033503
  596621.610184        0.818802        0.000222
  596934.063328        0.799558        0.028640
  596954.036128        0.800372       -0.003827
  597334.122434        0.794208        0.001642
  597426.399774        0.775179        0.010215
  597715.098331        0.793628       -0.007996
  597999.892396        0.807136        0.018433
  598431.520427        0.779123       -0.004946
  598675.927469        0.791392       -0.004081
  598649.650412        0.808442        0.015469
  599080.135942        0.805065        0.014829
  599383.355997        0.792842        0.009374
  599317.171097        0.794588        0.005751
  599493.298851        0.803688        0.010979
  599685.907609        0.825678        0.012500
  599967.876934        0.789102        0.007138
  600005.891261        0.779111        0.011470
  600548.597199        0.775447        0.004321
  600943.120116        0.797092        0.001592
  600748.868845        0.788934        0.011448
  601117.296664        0.771286        0.017691
  601410.143182        0.807844        0.012158
  601381.556663        0.798428        0.021938
  602360.162439        0.803199       -0.004639
  602317.484547        0.805423       -0.001022
  602130.309731        0.794662        0.016936
  602521.941654        0.813785        0.022194
  602896.291893        0.786612        0.007397
  603281.041387        0.817571        0.016828
  603177.623914        0.795575       -0.005990
  603332.148689        0.807430        0.017195
  603592.006979        0.817550        0.004634
  604244.939608        0.784871        0.001610
  604091.825670        0.788752        0.004408
  604707.189071        0.794243        0.030029
  604408.660050        0.806736        0.018820
  605157.170379        0.796024        0.018493
  604995.168468        0.806267        0.012075
  605280.039084        0.808677        0.019799
  605642.716962        0.800799       -0.002646
  605920.106764        0.794779        0.004751
  606427.651801        0.786100        0.005317
  605576.820886        0.801362        0.009196
  606429.549423        0.818564        0.004024
  606998.702260        0.802532        0.003744
  606765.712744        0.804857        0.011616
  607049.036309        0.799891        0.000829
  607726.839031        0.769778        0.023796
  607419.206800        0.797639        0.002064
  607610.892313        0.801461        0.013350
  608285.424426        0.792693        0.015331
  607972.061989        0.794496        0.019563
  608615.477353        0.807754        0.002244
  608847.907027        0.797996       -0.007372
  609099.523447        0.797186       -0.004059
  609348.681122        0.779251        0.022346
  609778.273834        0.796263        0.020550
  609606.375645        0.804022        0.007674
  609921.733235        0.791717        0.019288
  610410.701470        0.795788       -0.006239
  610362.158860        0.798876        0.005711
  610575.382625        0.781491        0.014142
  611316.832008        0.800646        0.008509
  611217.922625        0.804690        0.015658
  611300.761301        0.794150        0.005016
  611852.065003        0.785724        0.018832
  611623.512953        0.806961        0.004959
  612361.800441        0.804536       -0.013476
  612361.075770        0.777655        0.020027
  612743.291874        0.801332       -0.002120
  612595.690982        0.794451       -0.014425
  612713.853308        0.791716        0.002550
  613045.906795        0.799200        0.013148
  613339.236902        0.805303        0.002876
  613691.091020        0.792742        0.008952
  614010.977544        0.806279       -0.010589
  614148.109685        0.796590        0.015813
  614561.545628        0.788988        0.005458
  614677.059275        0.792589       -0.003745
  614694.754415        0.798248        0.010740
  615241.623349        0.791500       -0.001546
  615374.471949        0.800887        0.010869
  615214.098775        0.774759       -0.012296
  615858.245227        0.795831        0.005019
  616341.138712        0.791804        0.013064
  615994.704877        0.810594       -0.005176
  616192.768281        0.797604        0.009874
  616684.275175        0.790546        0.031107
  617025.880283        0.803078        0.011234
  617320.659737        0.800883        0.019357
  617249.445611        0.801304        0.008751
  617646.922285        0.793373        0.013160
  617994.662673        0.779830        0.008347
  617855.306187        0.799539       -0.000607
  618015.265570        0.795789        0.019838
  618325.653419        0.785136        0.018686
  618371.434128        0.800592       -0.013199
  618887.682656        0.802617        0.014243
  619176.515191        0.786336        0.005834
  619347.042411        0.773326        0.012503
  619895.462920        0.789814        0.011034
  620155.552475        0.800370       -0.014026
  620008.259467        0.791883        0.010046
  620134.815312        0.801864        0.012267
  620208.377041        0.798057        0.023583
  620984.252815        0.814856        0.005125
  620923.219886        0.782460        0.018311
  621138.416877        0.808667       -0.001344
  621731.097322        0.790849        0.020137
  621499.571045        0.809147       -0.003287
  621899.584851        0.795721        0.005545
  621920.398596        0.779038       -0.007141
  622196.842006        0.784688        0.005442
  622955.613185        0.807087        0.011146
  623070.760580        0.801999        0.007141
  623465.934124        0.790421        0.016288
  623530.204540        0.796564       -0.001015
  623686.381230        0.816024        0.004838
  623763.110978        0.807627        0.016540
  624171.866751        0.780144        0.000434
  624151.747340        0.798738       -0.000587
  624272.614024        0.807881       -0.001447
  624289.980577        0.802282        0.001657
  624888.244592        0.817056       -0.001020
  625107.982205        0.803279        0.012178
  625412.511033        0.807687        0.016462
  625604.772804        0.806171        0.008874
  625888.889895        0.818637        0.014158
  625594.818886        0.778457       -0.000600
  626368.386819        0.822489        0.000635
  626593.328421        0.781313       -0.005488
  626699.048035        0.820581        0.014125
  627025.399039        0.794972        0.010870
  627315.827824        0.786396        0.020980
  627622.173099        0.819347        0.012619
  627720.545111        0.784890        0.006600
  627753.178983        0.809037        0.012674
  627838.541619        0.796635       -0.002518
  628157.966455        0.792424        0.006568
  628502.732069        0.782982        0.003608
  628669.264212        0.810169       -0.001103
  629218.078361        0.801121        0.014660
  629299.850413        0.800873       -0.004835
  629376.795396        0.805639        0.011582
  629931.273462        0.788838       -0.005054
  629835.286300        0.783291        0.010493
  630007.288887        0.795225        0.004007
  630330.470830        0.797604        0.021866
  630659.237783        0.813159        0.016132
  630819.199876        0.789843        0.004103
  630845.444079        0.787892        0.009763
  631359.604286        0.799237        0.029415
  631831.923114        0.809386        0.034685
  631864.053721        0.792304        0.009985
  632128.097344        0.807914        0.007165
  631932.362800        0.785712       -0.006479
  632550.362881        0.788177        0.004626
  632608.968200        0.794076        0.013054
  632732.051983        0.786741        0.009003
  632985.775664        0.804563        0.026093
  633206.318336        0.793280        0.011323
  633525.656965        0.782985        0.000270
  633723.608596        0.799198        0.021525
  634278.249099        0.806963        0.026790
  634563.437444        0.799612        0.015105
  634543.515860        0.790079        0.008382
  634887.970657        0.809084        0.014654
  635068.854084        0.796509       -0.002686
  635173.788279        0.787675        0.010162
  635423.907024        0.811865        0.002698
  635547.260859        0.785755        0.001519
  635707.276512        0.802183        0.003894
  636016.744366        0.798371        0.016748
  636288.861911        0.782224        0.015969
  636520.640602        0.800314        0.006873
  636655.893479        0.801008       -0.003870
  637558.666691        0.793162        0.003941
  637355.397930        0.803075        0.024716
  637408.444026        0.800119        0.001768
  638040.641591        0.793993        0.011661
  638137.748169        0.792622        0.010213
  638132.130882        0.805274        0.022085
  638616.053220        0.793872        0.015317
  638767.045180        0.819035        0.001569
  638443.653630        0.807512        0.018207
  639151.756485        0.814803        0.013088
  639008.663358        0.810080        0.026854
  639624.116238        0.813263        0.002280
  640122.791691        0.813934        0.009429
  639753.725142        0.794340        0.011742
  640017.950601        0.789343        0.025272
  640501.980199        0.778879        0.023116
  640386.375968        0.804145        0.002490
  640677.226993        0.801632        0.020255
  641033.046241        0.773948       -0.001116
  641498.295550        0.799182        0.009108
  641741.544517        0.803265        0.005852
  641775.906856        0.775666       -0.013385
  642279.448722        0.807993        0.006183
  642601.039614        0.792425       -0.002169
  642523.888792        0.795451        0.002913
  642522.921430        0.802862        0.011081
  642818.917323        0.781146        0.018968
  643110.002758        0.785924        0.011243
  643186.995995        0.824361        0.009055
  643605.010101        0.809114       -0.006275
  643664.231727        0.800594        0.000198
  643827.755568        0.812949        0.009282
  644182.013917        0.808203        0.004460
  644300.492802        0.799723        0.004072
  644633.672205        0.796388        0.021736
  644826.088161        0.793113        0.013910
  645265.743570        0.794482       -0.006619
  645365.128945        0.785391        0.004906
  645410.830744        0.800396        0.016146
  645804.260703        0.803594        0.006939
  645935.609557        0.795303        0.009666
  646355.044003        0.799557        0.008953
  646509.823050        0.789840        0.025324
  646672.789904        0.782247        0.012003
  647181.583433        0.794462        0.019353
  647292.614102        0.800212        0.021182
  647589.997174        0.806738       -0.004906
  647542.026272        0.804617        0.018707
  647743.325946        0.795915       -0.002092
  647971.571037        0.809817        0.010233
  648762.574307        0.806474        0.003123
  648352.132019        0.803616        0.010547
  648881.535830        0.804988        0.010829
  649170.007376        0.798881        0.003459
  648928.505217        0.799860        0.012783
  649456.082096        0.791908        0.002152
  649715.520241        0.803833        0.007902
  649913.223890        0.800115        0.011263
  650318.980761        0.811122        0.011023
