       0.000000        0.000000        0.000000
   70596.254337        0.816631        0.066889
   70711.741913        0.795451        0.080219
   70999.529845        0.790635        0.093272
   71759.606118        0.782894        0.058766
   71558.910077        0.803837        0.059514
   72244.419503        0.788241        0.057163
   73077.329074        0.770873        0.071389
   73077.619463        0.800714        0.086799
   72922.131614        0.791201        0.057985
   73329.327832        0.776346        0.081640
   73563.862974        0.766729        0.058648
   74282.620970        0.781769        0.061324
   74213.172290        0.784189        0.063802
   74575.841664        0.784991        0.068882
   75144.123509        0.798864        0.051508
   75690.852566        0.780350        0.083835
   75890.258425        0.783196        0.059169
   75753.553003        0.793110        0.063897
   76171.042092        0.809310        0.072384
   76777.281517        0.808275        0.050776
   77465.596513        0.789682        0.086122
   77562.132185        0.783311        0.059261
   78030.573698        0.770651        0.064047
   78381.977989        0.792893        0.072809
   78630.002948        0.771230        0.053226
   78809.764879        0.780552        0.066146
   79224.043314        0.783439        0.082616
   79510.993079        0.794155        0.059436
   79712.634702        0.779003        0.064903
   80179.619444        0.783530        0.042753
   80727.918895        0.797834        0.056773
   81370.572202        0.796646        0.062016
   81142.845004        0.788932        0.044061
   81231.045122        0.765454        0.060228
   81622.401184        0.803293        0.063440
   82114.167778        0.773647        0.047633
   82783.347543        0.770607        0.053682
   82929.665315        0.789582        0.062246
   83438.920176        0.790370        0.062303
   83556.301692        0.763090        0.036603
   83545.439429        0.789070        0.066353
   84066.925009        0.774464        0.067827
   84598.471736        0.785728        0.066843
   84574.644113        0.768342        0.064303
   85238.699119        0.790175        0.058438
   85508.511970        0.796585        0.046330
   85976.541955        0.797792        0.054773
   85836.335887        0.772131        0.073067
   86606.154176        0.788556        0.039849
   86867.866917        0.778278        0.053582
   87288.742811        0.791086        0.066263
   87265.890607        0.780245        0.060742
   87744.273692        0.791179        0.046959
   88114.224273        0.800222        0.067642
   88480.626019        0.786349        0.040705
   88748.547592        0.799222        0.035787
   89265.268362        0.790065        0.063214
   89702.975220        0.796043        0.060410
   90089.255131        0.772530        0.059190
   90198.217033        0.782081        0.044076
   90329.360667        0.774579        0.063960
   90850.442530        0.785033        0.063124
   91045.483597        0.789977        0.053782
   91356.439515        0.765464        0.062176
   92160.439923        0.785987        0.047880
   92216.499894        0.786489        0.060964
   92395.496780        0.772012        0.052819
   92929.231210        0.799708        0.054212
   93138.661025        0.795943        0.058000
   93363.199952        0.785048        0.050559
   93689.596814        0.792586        0.043986
   94128.110334        0.769284        0.050316
   94783.137963        0.794834        0.045596
   94762.192538        0.795059        0.043057
   95173.888379        0.794484        0.060236
   95483.871027        0.796132        0.051988
   96054.282657        0.778829        0.059394
   96100.795295        0.795123        0.046417
   96639.106287        0.798162        0.063538
   96637.158556        0.782431        0.045069
   97127.685125        0.797949        0.050236
   97477.156939        0.794806        0.041110
   97781.312584        0.777729        0.061403
   97823.028225        0.785350        0.057189
   98490.729476        0.773931        0.058638
   98838.646137        0.789618        0.048928
   98974.654148        0.787153        0.053643
   99400.537845        0.784873        0.050242
   99523.119772        0.788175        0.034679
   99862.570664        0.809521        0.054577
  100107.815671        0.788107        0.024092
  100830.749733        0.787531        0.062219
  101041.653500        0.780016        0.036230
  101033.209044        0.773455        0.049417
  101855.316368        0.778197        0.046226
  102307.497992        0.793075        0.052125
  102211.075688        0.788345        0.032846
  102711.827212        0.773314        0.041399
  103230.397584        0.780509        0.049517
  103289.861129        0.792642        0.055413
  104055.533395        0.786838        0.054476
  103981.003609        0.773023        0.044766
  104481.103743        0.801671        0.046282
  104301.078132        0.787684        0.056601
  105000.821080        0.775848        0.055035
  105439.070307        0.811597        0.032794
  105860.043189        0.800922        0.058755
  106286.553751        0.797270        0.034138
  106742.336107        0.783203        0.056899
  106492.608450        0.777007        0.041492
  106949.689659        0.789889        0.049730
  107411.446841        0.796840        0.047960
  107326.207945        0.776200        0.068300
  108007.980332        0.775346        0.052792
  108402.757811        0.792906        0.050102
  108854.367474        0.785975        0.039433
  109355.202955        0.780221        0.029927
  109711.297131        0.781435        0.041428
  109603.287542        0.781392        0.051901
  110195.197628        0.795485        0.070153
  110614.246017        0.800681        0.051734
  110989.652587        0.796474        0.024997
  111311.382141        0.805191        0.060449
  111739.934074        0.792013        0.043137
  112072.151554        0.770939        0.036311
  112267.470312        0.793958        0.040937
  112231.179731        0.780691        0.019153
  112507.512042        0.777244        0.048604
  112911.805619        0.789149        0.038977
  113396.883053        0.787129        0.043256
  113992.050681        0.779325        0.043498
  114179.008053        0.777815        0.038729
  114147.349704        0.801382        0.042091
  114644.480303        0.763034        0.061359
  114992.621618        0.793030        0.046988
  115363.025081        0.788878        0.050791
  115818.075265        0.780861        0.033382
  115908.867012        0.782361        0.042779
  116263.064193        0.783028        0.055589
  116750.810833        0.782659        0.050491
  116878.410844        0.793445        0.060323
  117502.152733        0.777831        0.030933
  117544.823662        0.780909        0.014403
  118261.129029        0.786459        0.033433
  118282.777123        0.790683        0.055656
  118798.823034        0.775802        0.047532
  118954.219551        0.780903        0.039369
  119429.260316        0.787401        0.045243
  119722.188169        0.784490        0.046643
  120398.843220        0.794712        0.039123
  120539.674263        0.771786        0.058724
  120672.621641        0.772577        0.041698
  120865.843881        0.796628        0.039922
  121661.841968        0.787275        0.046768
  121242.667747        0.786405        0.031964
  122127.927086        0.768134        0.041333
  122289.006595        0.787555        0.030781
  122528.551581        0.794964        0.033399
  122896.063315        0.787635        0.050389
  123365.352972        0.792973        0.034551
  123787.757474        0.781544        0.036535
  124296.372198        0.802623        0.044697
  124055.010842        0.800597        0.035359
  124429.355220        0.782576        0.045341
  125173.851990        0.783801        0.031986
  125160.105234        0.779644        0.033696
  126026.092833        0.796311        0.037305
  125761.270934        0.783396        0.045394
  126089.010739        0.781505        0.049051
  127012.002116        0.800730        0.044885
  126817.084119        0.792987        0.033089
  127298.567009        0.789041        0.048167
  127944.393957        0.807732        0.025544
  128016.488683        0.780669        0.033520
  127987.425091        0.785943        0.015967
  128775.523934        0.789776        0.032960
  128872.641175        0.791545        0.040296
  129218.153749        0.781750        0.030443
  129533.585268        0.776224        0.029840
  130252.952933        0.784445        0.034956
  130175.385661        0.783483        0.039354
  130460.624239        0.777856        0.042551
  131080.756624        0.803416        0.055976
  131282.141939        0.778868        0.046185
  131829.015107        0.772364        0.041948
  132092.739686        0.788438        0.040912
  132037.283352        0.782108        0.049928
  132600.931083        0.781877        0.057304
  132771.651042        0.784971        0.037305
  132970.172658        0.773634        0.036451
  133472.925168        0.794918        0.053394
  133819.518573        0.769649        0.054064
  134514.250575        0.795477        0.037178
  134525.236224        0.799156        0.042609
  134917.964745        0.786871        0.029592
  135238.812162        0.790747        0.054168
  135740.374606        0.781023        0.037746
  136245.289303        0.784848        0.030612
  136310.041463        0.773927        0.032977
  136692.369336        0.787161        0.038194
  137014.394842        0.779971        0.013504
  137216.939131        0.780998        0.047234
  137585.757169        0.773680        0.031974
  138043.512474        0.776768        0.043658
  138266.464263        0.782276        0.033404
  138753.965282        0.777807        0.026527
  139298.925179        0.779452        0.034948
  139309.831736        0.788958        0.059701
  139966.189865        0.778324        0.033550
  139904.304660        0.779861        0.020019
  140137.231389        0.790115        0.043383
  140492.738303        0.784537        0.040907
  140814.358517        0.806821        0.047924
  141373.906226        0.764801        0.017995
  141691.400609        0.779216        0.018405
  141788.199316        0.783208        0.038628
  142273.159273        0.798677        0.025551
  142442.332924        0.772971        0.015474
  142810.694403        0.787547        0.043025
  143164.190964        0.789091        0.030657
  143076.415660        0.796422        0.048614
  144299.423908        0.778084        0.043169
  144340.229250        0.783325        0.017045
  144754.165884        0.779915        0.037890
  144985.990758        0.776342        0.032655
  145101.601636        0.789485        0.040819
  145833.601213        0.791983        0.039835
  145935.718380        0.789312        0.046731
  146471.796743        0.788028        0.023384
  146485.575328        0.775884        0.048092
  146637.909450        0.789143        0.027042
  147124.065798        0.815802        0.039226
  147549.797913        0.787759        0.029062
  147959.517996        0.790772        0.031547
  148314.547033        0.786791        0.039718
  148073.901373        0.777709        0.028636
  148779.108169        0.790072        0.021236
  149015.708662        0.784197        0.019044
  149629.703876        0.794644        0.032892
  149690.466793        0.786608        0.039209
  150138.862084        0.771978        0.044615
  150446.557508        0.798703        0.031467
  150678.026192        0.769325        0.034346
  150985.427204        0.778383        0.037900
  151629.075855        0.787320        0.054983
  151716.059799        0.780661        0.020168
  151989.984388        0.789210        0.028541
  152274.364618        0.809323        0.035207
  152760.030020        0.778988        0.029299
  152897.313188        0.785193        0.036270
  153145.936250        0.792086        0.025864
  153509.583899        0.786475        0.022094
  154107.652747        0.776963        0.031091
  154351.783702        0.774496        0.019087
  154855.294232        0.774682        0.036133
  154809.628209        0.784289        0.029286
  155416.702825        0.793371        0.040128
  155798.580119        0.773153        0.035290
  156154.514671        0.787675        0.044419
  156259.514615        0.795666        0.035398
  156960.566120        0.786006        0.028155
  157054.298661        0.791425        0.033710
  157416.283534        0.794104        0.026618
  157613.854303        0.792406        0.034697
  157934.425223        0.781507        0.037145
  159155.193174        0.766775        0.030767
  158635.335726        0.804177        0.038110
  159446.218582        0.774753        0.045377
  159266.006398        0.798639        0.028351
  160051.830837        0.787913        0.032577
  160180.322048        0.786905        0.043689
  160499.525767        0.767335        0.039947
  160975.217067        0.794780        0.025131
  161172.743492        0.773652        0.034711
  161192.338593        0.783601        0.019974
  162236.161213        0.795060        0.018332
  162077.827984        0.800958        0.037876
  162497.873730        0.800660        0.020533
  162861.806505        0.771907        0.046990
  163182.214585        0.790645        0.030706
  163183.964456        0.808359        0.028188
  163345.680672        0.797208        0.013772
  164474.578556        0.783424        0.032088
  164525.634793        0.784654        0.027072
  164589.810439        0.785908        0.039162
  164967.992599        0.793335        0.025269
  165631.851191        0.784228        0.043301
  165853.950283        0.799751        0.031010
  166304.299294        0.799920        0.040228
  166487.707528        0.780662        0.015940
  166699.636800        0.776312        0.031278
  167274.359644        0.783678        0.031119
  167468.394972        0.769877        0.052347
  167652.030510        0.781381        0.037600
  168117.108754        0.776630        0.023211
  168579.125251        0.779880        0.023843
  168817.874758        0.794013        0.020416
  168818.623597        0.790564        0.022229
  169290.164708        0.761469        0.027553
  169786.588820        0.784729        0.056179
  169820.616632        0.789706        0.036596
  170342.173817        0.788188        0.031198
  170690.455307        0.801252        0.039009
  170936.255255        0.765284        0.027751
  171074.877871        0.779636        0.039690
  171887.360375        0.806080        0.007782
  172350.695100        0.790708        0.030580
  172333.526827        0.788927        0.031867
  172727.677170        0.776840        0.040455
  173215.793694        0.814439        0.033157
  173268.515252        0.795648        0.044920
  173217.128122        0.792554        0.030940
  174111.424580        0.792168        0.032282
  174437.621168        0.782260        0.032418
  174502.263187        0.785578        0.033805
  174883.451712        0.794374        0.021365
  175584.282276        0.787858        0.026954
  175896.552546        0.773336        0.022276
  175808.799449        0.765196        0.018883
  176088.340825        0.786707        0.027911
  176723.875388        0.773596        0.014638
  177014.785633        0.799469        0.016853
  177260.249897        0.773180        0.024473
  177777.631963        0.804936        0.028290
  177872.719023        0.772107        0.029819
  178440.304665        0.773308        0.040724
  178313.691693        0.780091        0.028023
  179068.822916        0.777230        0.017934
  179794.809291        0.766315        0.011108
  179894.715660        0.766921        0.026507
  180000.274779        0.779847        0.017390
  180323.768102        0.784051        0.035420
  180676.576420        0.774310        0.042284
  180878.646109        0.779964        0.021178
  181044.843324        0.781635        0.035398
  181717.448669        0.780921        0.035582
  181588.611616        0.791264        0.031053
  182170.911216        0.781249        0.022864
  182542.560965        0.798263        0.019311
  183026.198445        0.772551        0.026387
  183231.668844        0.789667        0.028693
  183712.625000        0.785663        0.015000
  183699.541903        0.778634        0.024804
  184255.404887        0.797066        0.018942
  184982.471826        0.792680        0.024035
  185203.992741        0.794981        0.023776
  185255.844204        0.778431        0.004758
  185729.856926        0.791943        0.029955
  185941.662557        0.794975        0.020303
  186311.976702        0.791699        0.038256
  186699.351289        0.781961        0.030696
  186717.324644        0.781411        0.022632
  187219.782939        0.814395        0.033939
  187591.688481        0.788127        0.044540
  187764.589816        0.779355        0.020568
  188351.931091        0.783398        0.038228
  188847.242062        0.776342        0.012407
  189262.790031        0.794828        0.023434
  189188.186747        0.775129        0.031125
  189585.834362        0.770747        0.012952
  189820.973246        0.782487        0.030929
  190550.199680        0.786497        0.040656
  190665.657067        0.774799        0.006871
  191096.971128        0.784883        0.034230
  191643.095309        0.786668        0.021799
  191634.185688        0.792359        0.026021
  192209.778041        0.795183        0.019933
  192579.724103        0.797160        0.026311
  192506.893074        0.790821        0.013991
  192765.779696        0.798586        0.031202
  193299.856195        0.766727        0.033686
  193555.595683        0.781292        0.025248
  194078.475882        0.792442        0.019580
  194194.885442        0.777919        0.019474
  194575.101401        0.766050        0.029895
  194799.046109        0.789239        0.040163
  195203.900812        0.792811        0.044804
  195359.593460        0.795612        0.046444
  195902.502550        0.786459        0.037060
  196399.726795        0.776746        0.028439
  196436.119809        0.774276        0.005035
  196572.974882        0.779412        0.014067
  197246.956906        0.780320        0.021357
  197639.166104        0.790142        0.028692
  197685.664733        0.768609        0.030944
  198175.688644        0.791181        0.028312
  198510.662405        0.777175        0.012867
  198973.879093        0.785841        0.041064
  198766.910736        0.797827        0.043715
  199530.361382        0.782782        0.023539
  199891.468038        0.795153        0.005787
  200057.939539        0.771477        0.045933
  200570.819059        0.775838        0.024175
  200871.116811        0.792295        0.049493
  201557.546385        0.779830        0.046571
  201909.947886        0.778591        0.025230
  201864.510024        0.791812        0.023705
  202446.899408        0.770213        0.018675
  202474.280624        0.782152        0.021136
  202668.612154        0.784279        0.048022
  203176.610230        0.791024        0.028260
  203513.656309        0.776980        0.026380
  203982.040561        0.786133        0.017032
  203859.648903        0.790326        0.013018
  204994.961016        0.801623        0.025043
  204927.019716        0.789454        0.034516
  204957.565131        0.775067        0.018437
  205776.545245        0.781226        0.031161
  205934.695786        0.788433        0.017205
  206156.831994        0.786855        0.026015
  206368.820124        0.793418        0.016822
  206907.122809        0.779079        0.030752
  206813.171970        0.780662        0.018885
  207754.938990        0.786794        0.020716
  207880.669753        0.795434        0.026237
  208010.927655        0.786867        0.026404
  208555.184656        0.777017        0.016653
  208645.188203        0.775624        0.032351
  209305.865202        0.764738        0.031680
  209749.173358        0.777900        0.015498
  209682.441622        0.800605        0.038268
  210165.153490        0.774366        0.026386
  210643.400765        0.793087        0.023936
  210703.154527        0.776452        0.022828
  211250.923206        0.763515        0.029253
  211562.353601        0.780754        0.021298
  211714.624903        0.770309        0.022537
  212284.932178        0.787329        0.009479
  212455.067273        0.780334        0.027179
  212726.130736        0.778068        0.013223
  212855.284640        0.778453        0.021457
  213341.558969        0.788586        0.011897
  214133.242358        0.777351        0.029182
  214288.791209        0.776150        0.012379
  214564.998066        0.760967        0.019911
  214894.605920        0.777941        0.035313
  215010.640368        0.786101        0.027912
  215222.176090        0.778966        0.017825
  215801.649934        0.786977        0.015363
  216261.453795        0.757973        0.017165
  216741.253379        0.787928        0.031915
  216889.996867        0.796060        0.047764
  217616.705089        0.776164        0.013564
  217367.574697        0.780308        0.008358
  217899.493700        0.778217        0.038372
  218332.904236        0.781085        0.015624
  218643.207770        0.785526        0.023911
  218529.122524        0.786234        0.037873
  219178.991479        0.785871        0.058381
  219671.631756        0.781004        0.017759
  219321.164942        0.770229        0.035754
  220062.270303        0.787335        0.025713
  220527.385416        0.771998        0.021804
  221106.908570        0.773969        0.018485
  221122.728615        0.796663        0.028072
  221450.768160        0.802800        0.008335
  222092.228362        0.796931        0.001849
  222421.299802        0.778255        0.030600
  222469.020109        0.793306        0.024013
  222807.317315        0.778792        0.028003
  223001.519480        0.770477        0.028808
  223843.290750        0.786905        0.012602
  223802.272722        0.789942        0.041714
  224072.327775        0.789629        0.024444
  224250.172241        0.785534        0.027650
  225037.611887        0.794474        0.011005
  225123.942483        0.784763        0.021148
  225206.464709        0.792386        0.020042
  225981.469409        0.778417        0.045352
  226282.403188        0.782551        0.020487
  226431.513448        0.778766        0.006041
  227079.897129        0.797316        0.024308
  227500.212191        0.786297        0.004578
  227229.632768        0.782654        0.026125
  228288.979829        0.768743        0.035613
  228178.805636        0.781869        0.013208
  228450.125038        0.779933        0.024125
  228597.063668        0.779781        0.018140
  229273.862319        0.769165        0.005893
  229500.557968        0.785218        0.026878
  229983.602146        0.770157       -0.002846
  229976.908042        0.782935        0.037149
  230468.415212        0.773251        0.034786
  231089.534664        0.796604        0.026264
  231411.554901        0.775653        0.012864
  231400.456555        0.768505        0.016122
  231750.156596        0.816247        0.003976
  232047.339759        0.801816        0.015857
  232483.540095        0.801299        0.019494
  232945.205340        0.797746        0.016485
  233320.551476        0.779801        0.009392
  233585.588563        0.779483        0.022074
  233636.412883        0.781399        0.031860
  234160.742608        0.786933        0.013443
  234662.782082        0.775263        0.017741
  234707.332497        0.804725        0.041104
  235105.658099        0.774147        0.012971
  235366.783772        0.771504        0.024203
  235387.116077        0.787865        0.031786
  236202.449605        0.798040        0.010129
  236761.338938        0.778770        0.001783
  236695.164239        0.799677        0.021434
  237375.598524        0.786877        0.021654
  237223.127428        0.789115        0.019268
  237936.134825        0.792242        0.028491
  238254.563919        0.794350        0.051309
  238494.278394        0.773793        0.015130
  239283.334849        0.779926        0.022043
  238886.343045        0.759163        0.009112
  239845.130643        0.791597        0.007507
  239866.993987        0.795180        0.036736
  239888.430392        0.785819        0.026297
  240406.321093        0.771876        0.001314
  240826.672274        0.788600        0.026765
  240939.218768        0.782428        0.012796
  241068.133420        0.784513        0.018102
  241943.721376        0.796846        0.004472
  242373.376204        0.785747        0.022310
  242442.482875        0.778432        0.028155
  242533.831623        0.786652        0.023558
  243101.160068        0.781012        0.037571
  243550.273784        0.802254        0.028043
  243895.620930        0.766022        0.035957
  243964.935679        0.776669        0.002983
  244416.819586        0.786311        0.036997
  245197.593644        0.785973        0.025916
  245261.806186        0.789899        0.014977
  245506.247642        0.778276        0.036635
  245947.658535        0.787856        0.004582
  246032.713526        0.790580        0.012897
  246486.711560        0.784128        0.020987
  246495.954843        0.799421        0.024142
  247349.395905        0.778237        0.019209
  247539.514791        0.781022        0.030259
  247875.274601        0.778319        0.030067
  248075.505322        0.795706        0.018441
  248622.611874        0.789305        0.009931
  248687.545461        0.775995        0.013274
  249002.294508        0.782513        0.018907
  249775.424787        0.778922        0.005993
  249612.372970        0.775789        0.019251
  249883.987932        0.787727        0.027469
  250512.913655        0.782357        0.022198
  250826.517729        0.767425       -0.002913
  251175.692990        0.780027        0.025490
  251492.647939        0.806698        0.016243
  251603.775304        0.789859        0.022019
  252096.024443        0.777919        0.014112
  252630.928001        0.779369        0.021043
  252698.427859        0.782311        0.022294
  253106.192489        0.761977        0.038779
  253309.704777        0.781727       -0.002338
  254058.437142        0.787672        0.018798
  254416.434048        0.766911        0.013789
  254487.916893        0.767258        0.012381
  254704.298150        0.785320        0.023658
  255462.458731        0.817487        0.023975
  255441.184062        0.792917        0.007101
  255979.954233        0.800871        0.022198
  256230.027759        0.769206        0.020846
  256358.703650        0.786366        0.012909
  256542.466233        0.789532        0.021269
  257133.583786        0.767197        0.032907
  257407.679609        0.779586        0.009094
  257969.748976        0.778544        0.026053
  258089.587569        0.790530       -0.002766
  258729.547611        0.799146        0.010009
  259097.088335        0.814803        0.014339
  259416.579484        0.776421       -0.000647
  259439.189913        0.786820        0.014531
  259465.016641        0.795004        0.020633
  260158.155402        0.794143        0.012899
  260272.042399        0.780749        0.014719
  260655.655137        0.787228        0.029721
  261349.381441        0.780099        0.022790
  261428.534871        0.793737        0.004555
  261821.436325        0.773199        0.019933
  262363.639232        0.787249        0.016475
  262655.523638        0.777647        0.009402
  262692.607585        0.791526        0.016143
  263138.458540        0.789240        0.021384
  263174.616746        0.779876        0.000446
  263816.776208        0.776361        0.030001
  264175.458281        0.805934        0.037463
  264270.790608        0.787309        0.009856
  265195.106851        0.776605        0.026963
  265480.115165        0.764015        0.018996
  265243.278052        0.777399        0.028915
  265621.910231        0.797998        0.027974
  266094.924026        0.786375        0.007519
  266496.593994        0.804911        0.013011
  266399.969353        0.796695        0.009575
  267165.125098        0.772498        0.036164
  267490.117271        0.767786        0.019407
  267456.808195        0.773761        0.004837
  268395.376960        0.786320        0.015142
  268547.306835        0.776707        0.017936
  268714.278182        0.796885        0.020875
  269576.962233        0.786801        0.015132
  269482.587203        0.786853        0.011299
  270075.956417        0.790575        0.000935
  270366.924585        0.806941        0.019215
  270521.455844        0.789431        0.021628
  271051.099214        0.808090        0.009614
  271381.991426        0.776962        0.016608
  271201.087334        0.782005        0.012375
  271545.316570        0.794758        0.009734
  272139.767756        0.788644        0.025501
  272470.185872        0.803125        0.000156
  272697.867473        0.795128        0.028902
  272993.298718        0.780893        0.011174
  273508.726918        0.790128        0.017639
  273846.992295        0.795858        0.010545
  274051.840445        0.770052        0.012261
  274559.890302        0.795726        0.011008
  274798.605255        0.776277        0.004997
  275149.921150        0.782690        0.033419
  275219.032378        0.808227        0.031730
  275884.591698        0.769481        0.032123
  276067.311136        0.783783        0.036915
  276901.462192        0.783913        0.009251
  276624.134603        0.795655        0.012438
  276743.433590        0.787910        0.030240
  277450.951677        0.794081        0.024406
  277965.386652        0.786174        0.015368
  277947.802142        0.791434        0.014166
  278439.848683        0.783622        0.009098
  278958.486139        0.777234        0.021881
  278783.444938        0.769136        0.022553
  279283.137436        0.771011        0.017690
  279797.144836        0.780719        0.012014
  279665.787078        0.783072        0.016641
  280263.622754        0.787209        0.026032
  280975.986768        0.794248        0.023062
  281263.863025        0.793214        0.004397
  281913.427510        0.772986        0.036843
  281447.960875        0.781872        0.023008
  282190.002851        0.797784        0.031822
  282744.055193        0.785525        0.018036
  283005.162005        0.802255        0.028629
  283481.871390        0.778588        0.002876
  283476.475011        0.792365       -0.000247
  284284.217807        0.778692        0.010129
  284247.333197        0.794521        0.005578
  284459.738177        0.794517        0.018011
  284857.556507        0.785881        0.010364
  285343.948494        0.794732        0.019693
  285190.554253        0.789924        0.022667
  285975.948160        0.779264        0.017269
  285836.465779        0.755764        0.015534
  286531.150736        0.782487        0.016570
  286950.070843        0.795682        0.017249
  286994.840217        0.768149        0.004076
  287346.714746        0.783980        0.017285
  287392.413436        0.765114        0.011931
  288181.251137        0.789439        0.008926
  288488.659748        0.797460        0.017979
  288778.066563        0.769023        0.001357
  289100.142793        0.784206        0.032447
  289572.497443        0.770376        0.001661
  289714.078781        0.776772        0.012134
  290203.083727        0.789187        0.006049
  290373.382420        0.796182        0.012608
  291094.377738        0.788969        0.009275
  290956.475911        0.796219        0.000878
  291561.826432        0.780540        0.009364
  292298.872463        0.770908        0.022773
  291636.721245        0.787179        0.011570
  292204.659989        0.786159        0.014353
  292549.860451        0.777310        0.026544
  293304.567743        0.788694        0.030646
  293281.950864        0.791401        0.013163
  293795.671861        0.779244        0.019029
  294156.266880        0.790941        0.008063
  294379.334930        0.753996        0.014948
  294802.266995        0.788466        0.030633
  294962.622836        0.793163       -0.000555
  295222.136600        0.798167        0.011000
  295740.487129        0.788142        0.009007
  296084.233987        0.784618        0.014536
  296196.104191        0.783245        0.010638
  296672.433251        0.786010        0.038493
  297264.738900        0.769078        0.010892
  297775.384720        0.773280        0.022847
  297693.327494        0.779250        0.019401
  298360.675303        0.783881        0.023836
  298597.532393        0.776888        0.001618
  298664.738131        0.782998       -0.003649
  299132.669696        0.809084        0.009874
  299155.544014        0.776290        0.021035
  299198.555691        0.765631        0.015958
  299970.869550        0.768066        0.014835
  300546.734812        0.778110       -0.007863
  300931.800356        0.783865        0.023989
  300750.734350        0.802207        0.023232
  301354.443612        0.772977        0.026939
  301796.629093        0.789897       -0.003081
  301665.208541        0.782885        0.011659
  302574.543748        0.791701        0.029850
  302806.448402        0.783442        0.032817
  303159.905737        0.771044        0.024477
  303193.215189        0.790726       -0.000178
  303894.664833        0.793455        0.029046
  303829.190163        0.785949        0.036929
  304632.705265        0.772786        0.020075
  304727.650081        0.791554       -0.001645
  304839.742320        0.780580        0.025277
  305479.227931        0.776747        0.011186
  305827.339807        0.791601        0.027835
  306105.025095        0.791549        0.014408
  306676.644023        0.794096        0.020690
  306848.696888        0.794146        0.010280
  307083.374622        0.783348        0.009396
  307238.683075        0.774485        0.002485
  307653.130453        0.789903        0.031179
  307804.564483        0.799963        0.003623
  308623.548906        0.781442        0.032501
  308813.671291        0.771100        0.003140
  308931.101508        0.771451        0.025175
  309480.250465        0.792057        0.022841
  309867.796668        0.786004        0.019890
  310077.243514        0.797583        0.027543
  310285.291738        0.796070        0.032761
  310838.421318        0.792551        0.015989
  311390.454350        0.781301        0.003795
  310966.931662        0.772087        0.017218
  311768.126927        0.779827        0.030286
  312191.953023        0.787220       -0.002894
  312468.103670        0.777353        0.003270
  312544.331613        0.817784        0.020832
  313118.487547        0.776700        0.016623
  313141.403649        0.780533        0.005160
  313599.283187        0.796253        0.004954
  314133.204612        0.796352        0.010950
  314385.007453        0.785074        0.019996
  314623.306037        0.782551        0.034645
  315056.654671        0.797841        0.005963
  315407.742839        0.794928        0.021909
  315723.188725        0.795005        0.014944
  316119.152865        0.783469        0.036162
  316399.874754        0.779134        0.013954
  316613.025054        0.773425        0.030012
  316869.731675        0.788041        0.021043
  317139.573374        0.799684        0.009635
  317765.608662        0.785473       -0.014402
  318181.913702        0.782401        0.009575
  318412.061790        0.784958        0.014925
  318656.625278        0.767522        0.016488
  318809.773453        0.773663        0.010257
  319389.407071        0.788001       -0.000942
  319637.147085        0.788555        0.019226
  320163.555964        0.790710        0.028361
  320542.823633        0.783993        0.037610
  320948.667378        0.778742        0.005358
  321193.100564        0.793122        0.010957
  321876.701564        0.774723        0.020229
  321481.183150        0.781151        0.026685
  322253.461084        0.777236        0.011811
  322170.912638        0.772345        0.019909
  322650.861492        0.778253        0.040666
  322638.414188        0.781503        0.025793
  323360.333990        0.785774        0.017038
  323963.939111        0.776623        0.019582
  323580.801733        0.777340        0.002727
  324446.398312        0.786755        0.001027
  324431.194935        0.788012        0.004049
  324645.834888        0.778923        0.021168
  325153.850305        0.795187        0.006209
  325893.096461        0.790491        0.012876
  326000.046538        0.785436        0.018685
  326605.147002        0.790228       -0.012995
  326644.628568        0.776678        0.015723
  327186.405187        0.771269        0.004523
  327320.510323        0.790487        0.023441
  327680.402906        0.788047       -0.001380
  328018.735665        0.796963        0.032995
  328751.577946        0.799193        0.008801
  328778.451956        0.777480        0.007250
  329205.619289        0.789550        0.013977
  329164.573413        0.781962        0.009806
  329764.140783        0.775703        0.002867
  330197.039879        0.761040       -0.000626
  330111.073257        0.795298        0.035797
  330907.016514        0.788001        0.001016
  331271.160809        0.779203        0.031032
  331616.704100        0.797761       -0.000941
  331853.892124        0.790983        0.016769
  332007.716947        0.776389        0.023203
  332217.874948        0.777972        0.017069
  332693.572273        0.790633        0.022213
  333184.351084        0.787480        0.003933
  333293.739823        0.776685        0.011417
  333342.798302        0.773107        0.014296
  333964.868083        0.793525        0.013897
  334392.318149        0.788156        0.026024
  334536.758314        0.793901        0.009556
  335268.082696        0.763748        0.013210
  335312.082094        0.796524        0.018229
  335773.557038        0.765148        0.001621
  336082.017972        0.777803        0.012466
  336302.410185        0.775859        0.023852
  336837.442456        0.791448        0.029504
  336853.350378        0.788149        0.016345
  337585.573373        0.776418        0.006546
  337610.626553        0.771784        0.008955
  338035.940839        0.778212        0.013389
  338494.653367        0.771864        0.011495
  338330.271627        0.787003        0.029290
  338515.675477        0.777297        0.012417
  339172.457524        0.793107        0.030445
  339675.541467        0.774895        0.005789
  339953.155548        0.794341        0.007638
  339828.000276        0.773509        0.019017
  340622.681938        0.774920        0.038769
  340902.655804        0.803912        0.010519
  341204.856517        0.763021        0.013609
  341537.379399        0.787000        0.016402
  341962.045605        0.793411        0.011646
  342305.608780        0.796219        0.015256
  342828.338484        0.790899        0.020875
  342783.562015        0.775462        0.021707
  343417.098888        0.781503        0.010083
  343699.968308        0.796678        0.007311
  344030.956706        0.796376        0.007485
  344056.779544        0.786068        0.004308
  344640.556685        0.789697        0.019282
  344852.536393        0.778049        0.019176
  345267.110833        0.807182        0.016548
  345649.598186        0.772267        0.026355
  345890.857435        0.769155        0.013985
  346594.510642        0.787627        0.013335
  346595.054256        0.784421        0.019924
  347237.167731        0.788458        0.010535
  347311.590628        0.784236        0.031572
  347779.039105        0.794759        0.014109
  348056.065805        0.799719        0.037633
  348244.472388        0.785803        0.014861
  348615.537562        0.769704        0.000438
  349165.661668        0.772960        0.016849
  349233.322000        0.770749        0.003882
  349671.235371        0.798577        0.005441
  350341.152849        0.807858        0.039523
  350530.021720        0.793150        0.016321
  351298.753510        0.774192        0.016302
  350917.010847        0.761862        0.013524
  351376.190411        0.791350        0.017788
  351781.520678        0.787104        0.025257
  351847.453288        0.776605       -0.001439
  352397.967520        0.775245        0.017057
  352865.924770        0.795920        0.009122
  353396.757615        0.785114        0.009096
  353435.769556        0.773076        0.011248
  353581.486812        0.781861        0.008044
  353969.474379        0.787757        0.027607
  354288.391846        0.779459        0.022501
  354777.653118        0.792160        0.026250
  355376.143617        0.795581        0.001328
  355322.208357        0.797012       -0.002699
  355128.385091        0.793324        0.019696
  356071.212990        0.781088       -0.000880
  356550.215628        0.780559        0.020103
  356912.196300        0.792466        0.001132
  356856.117383        0.802147        0.005712
  357530.828338        0.786196        0.020439
  357862.954116        0.793379        0.004368
  358000.507461        0.795915        0.015976
  358126.154275        0.787027        0.008544
  358644.740438        0.774420        0.025632
  358806.424401        0.793537       -0.001478
  359197.728014        0.768876        0.029291
  359707.223713        0.777040        0.014364
  360050.579959        0.788435        0.008012
  360511.797796        0.782621        0.009899
  360426.505372        0.784311        0.004015
  361309.833362        0.770365        0.012862
  361241.055904        0.787156        0.012186
  361922.051615        0.798965        0.022138
  362092.477277        0.777789        0.010712
  362394.708248        0.779440        0.013715
  362394.058579        0.777858        0.011142
  362928.898226        0.774918       -0.007774
  363644.948275        0.790477        0.016385
  363403.104264        0.794582       -0.004148
  364129.859426        0.776495        0.012542
  364364.892193        0.793294        0.017248
  364766.980330        0.778280        0.013160
  365075.899816        0.764986        0.023204
  365204.078563        0.803362        0.007642
  365666.468032        0.789803        0.020193
  366145.562262        0.768992        0.014204
  366289.243193        0.782441        0.002258
  366835.394134        0.782305        0.019337
  367008.717829        0.772918        0.023068
  367414.787645        0.792176        0.009753
  367783.543479        0.791042        0.020037
  368134.424979        0.778096        0.009524
  368319.506538        0.768891        0.019295
  368708.927334        0.774980        0.028357
  369033.428773        0.776999        0.006267
  369215.551125        0.784763        0.019892
  370147.484850        0.783723        0.027966
  369853.935833        0.778131        0.015788
  370272.499552        0.777303        0.004627
  370615.047266        0.795664        0.011854
  370975.649493        0.784488        0.012740
  371400.628380        0.804811        0.017794
  371403.988215        0.796146        0.024236
  371909.056561        0.787099        0.018734
  372188.596873        0.788262        0.024780
  372894.665460        0.786310        0.009142
  372903.393162        0.791039        0.003320
  373502.338036        0.798553        0.020326
  373744.649535        0.786698        0.030039
  374403.380839        0.807709       -0.000117
  374619.671950        0.799441        0.011432
  374610.547428        0.777884        0.015607
  374950.417645        0.785156       -0.001769
  375852.408620        0.798820        0.001449
  375716.169546        0.783061        0.016507
  376280.104314        0.779891       -0.011598
  376238.932676        0.774357        0.012482
  376888.025975        0.796534        0.009602
  376819.541093        0.771412        0.018500
  377650.395604        0.780994        0.023384
  377911.522316        0.798153        0.001355
  378339.746549        0.775235        0.008189
  379012.306691        0.784711        0.015808
  378269.186522        0.783927        0.003945
  379054.676921        0.778232        0.019959
  379158.276710        0.773946        0.013460
  380057.481816        0.779350        0.011263
  380276.659817        0.773629        0.005951
  380527.787035        0.778160        0.012149
  381086.924188        0.787848        0.019567
  381022.239754        0.791754        0.011999
  381661.405675        0.794560        0.013311
  381791.120485        0.788114        0.008863
  381813.423651        0.762911        0.015981
  382336.481390        0.799436        0.031008
  382283.171438        0.773309        0.022548
  383317.667478        0.771213       -0.000370
  383704.028012        0.785601        0.005205
  383812.982397        0.789740        0.009252
  384328.312545        0.793518        0.017627
  384354.063124        0.778701        0.013397
  384921.368800        0.774062        0.005660
  385180.482388        0.784018        0.011751
  385410.700419        0.762605        0.012647
  385750.999425        0.787359        0.014947
  386482.064808        0.786627        0.015493
  386589.311152        0.796151        0.015586
  386992.883195        0.777711        0.011578
  386904.335370        0.777152        0.002889
  387741.199537        0.805751        0.018888
  387834.479304        0.793485        0.011838
  388458.913812        0.794939        0.017657
  388648.784330        0.802435        0.011479
  389395.020063        0.784464        0.024284
  388813.319627        0.778592        0.005914
  389330.544393        0.773905        0.026055
  389642.152732        0.763415        0.018244
  390716.005943        0.787715        0.007874
  390609.907430        0.792872        0.022800
  390786.896870        0.795853        0.002261
  391142.002809        0.793278       -0.019203
  391675.819710        0.786458        0.023128
  391907.696452        0.794659        0.019150
  392743.824765        0.787923        0.029235
  392203.217982        0.788237       -0.003423
  393128.404151        0.774319        0.011772
  393067.398717        0.789815        0.004123
  393215.072533        0.781441        0.015689
  393772.090590        0.783385        0.006917
  393782.730761        0.784204        0.012092
  394719.162896        0.776515        0.027391
  394871.346829        0.796693        0.013885
  395186.105371        0.785720        0.016172
  395553.912661        0.782944        0.005950
  396007.758428        0.797616        0.011154
  396386.964221        0.790623        0.030526
  396493.420501        0.775107        0.022807
  396818.904568        0.774955        0.020093
  396962.167337        0.780702        0.006468
  397811.329202        0.795004        0.009809
  397454.037224        0.777500        0.029712
  397888.588886        0.778246        0.007794
  398368.671257        0.806078        0.015457
  398919.195537        0.789449        0.012821
  399012.799488        0.784988        0.013806
  399806.178221        0.782535        0.013112
  399589.264025        0.762621        0.035923
  400392.355839        0.776917        0.018149
  400423.488152        0.811618        0.014579
  400946.107883        0.785588       -0.005117
  401218.105856        0.788594        0.006178
  401713.553023        0.774424        0.026414
  402046.700953        0.783532        0.005226
  402078.840616        0.773878        0.013373
  403120.247662        0.789286        0.034440
  402696.979604        0.769477       -0.021619
  403124.952039        0.791748        0.003827
  403851.697606        0.784567        0.011394
  403975.156617        0.788719        0.033776
  404522.256790        0.789720        0.023001
  404612.452775        0.792908        0.012659
  404850.490084        0.780029        0.019809
  405040.596639        0.783283        0.019986
  405776.959286        0.792652        0.014568
  406105.034107        0.773538        0.009038
  406775.968889        0.785912        0.002326
  406871.185967        0.785040        0.005088
  406977.949078        0.781680        0.017145
  407384.286080        0.763231        0.002968
  407461.067102        0.773707        0.037540
  408266.797279        0.779371        0.007395
  407998.885394        0.778899        0.002618
  408717.436032        0.787844        0.011913
  409064.695268        0.796919        0.009867
  409244.472517        0.786167        0.006405
  409540.533185        0.780209        0.024661
  410168.878171        0.780835        0.015926
  410348.041015        0.785875       -0.002057
  410670.296260        0.793212        0.010611
  410955.446405        0.787876        0.006908
  411502.054107        0.799246       -0.006599
  411701.962843        0.777873        0.016102
  412060.211198        0.795325        0.023275
  412284.236740        0.785131        0.035225
  412447.794916        0.765367        0.009396
  413342.800632        0.800761        0.008886
  413187.884832        0.780811        0.002057
  413662.582361        0.770887        0.012921
  414007.929249        0.753556        0.006311
  414183.141403        0.806898        0.018829
  414860.115914        0.781090        0.018471
  415045.328061        0.779041        0.008204
  415966.617185        0.778459        0.027365
  415449.128959        0.795391        0.002655
  416434.519415        0.778449        0.015741
  416297.445030        0.765381        0.018137
  416629.558411        0.779864        0.001679
  417231.116439        0.797887        0.002173
  417073.789527        0.779811        0.020366
  417822.883013        0.767055       -0.002276
  418267.132814        0.796430        0.010209
  418399.715858        0.775675        0.026955
  418717.810976        0.776185        0.014990
  419062.623560        0.773672        0.004884
  419275.486305        0.792981        0.010843
  419708.319015        0.794213        0.012414
  420298.709949        0.798573        0.018964
  420092.556161        0.775291        0.015326
  420977.602642        0.769402       -0.001363
  421013.672184        0.786618        0.013709
  421553.221863        0.792223        0.001757
  422027.950350        0.788611        0.021586
  421996.436591        0.771274        0.019287
  422514.185148        0.804428        0.042611
  422999.824037        0.791899        0.016821
  423208.732932        0.793346        0.019098
  423901.146987        0.784774        0.024275
  423806.193476        0.782971        0.025798
  424452.241737        0.781027        0.028764
  424620.131907        0.782720       -0.003000
  424915.216970        0.783335       -0.004322
  425219.677453        0.786913        0.020627
  425602.291218        0.788784        0.000429
  425629.057382        0.794437        0.018144
  425931.700339        0.777877       -0.000683
  426801.713081        0.788101        0.002285
  426788.748319        0.785537        0.000509
  427048.228005        0.775468        0.014455
  427441.053735        0.770364        0.016419
  427566.261342        0.784690        0.013926
  428286.425506        0.797570        0.003552
  428192.712473        0.781973        0.013148
  428991.563349        0.786556        0.010606
  429116.068884        0.814248        0.005227
  429595.645326        0.790244       -0.003413
  430031.091331        0.784900        0.002346
  430491.406530        0.774335       -0.001774
  430637.796188        0.776014        0.003687
  430382.719911        0.776716        0.019068
  430623.112509        0.782399        0.010201
  431481.115157        0.794307        0.026754
  431761.463788        0.781969        0.012709
  432457.639900        0.781117       -0.006376
  432252.088286        0.812007        0.002930
  432757.567965        0.785433        0.011227
  433125.445666        0.761334        0.009948
  433826.536109        0.762367       -0.003188
  433615.144774        0.792255        0.004993
  434109.156610        0.784902        0.000980
  434515.827772        0.800944        0.009196
  434986.899739        0.780478        0.018789
  435392.401879        0.794731       -0.003297
  435548.266115        0.785681        0.010207
  436023.545250        0.775268        0.011793
  435883.170849        0.786571        0.016927
  436505.787981        0.779311        0.005173
  436733.622261        0.771418        0.007875
  437420.933356        0.795950        0.006694
  438004.216916        0.788939        0.012034
  437846.605079        0.773172        0.007602
  438431.552091        0.775357       -0.001011
  438914.030540        0.796414        0.021610
  438925.748661        0.783147        0.015915
  438728.806726        0.781038        0.032974
  439678.137438        0.785257       -0.013706
  439778.408836        0.773661        0.021988
  440238.904496        0.794591        0.017789
  440215.548113        0.771301        0.005445
  441065.030417        0.789047        0.019276
  441398.767817        0.779384        0.004813
  441832.290436        0.782895        0.020269
  441810.496552        0.801985        0.006054
  442435.915839        0.766008        0.009003
  442515.229315        0.769098        0.006358
  442889.496144        0.781010        0.026121
  443302.914530        0.773132        0.020463
  443033.252934        0.784823        0.015940
  444077.450500        0.800456        0.002014
  444039.802958        0.797014        0.029882
  444889.059712        0.784270        0.024684
  444974.510707        0.786503        0.007088
  445282.239648        0.785558        0.024672
  445898.456944        0.798874        0.015201
  445658.128055        0.806562        0.007897
  446366.363119        0.791974        0.012272
  446544.788602        0.776665        0.020890
  446862.887066        0.788350       -0.004373
  447286.845007        0.788534        0.013557
  447994.296307        0.783693        0.005843
  448038.053191        0.784909        0.004796
  448117.176983        0.786324       -0.000072
  448569.932753        0.787974        0.014066
  449043.651046        0.781451        0.026309
  449360.009787        0.797696        0.007220
  449453.559335        0.780484        0.013643
  450072.262179        0.781368       -0.004505
  450157.115049        0.779106       -0.003405
  450838.941760        0.780987        0.029463
  450877.133035        0.778032        0.013075
  451241.569617        0.772807        0.004555
  452031.265625        0.779404        0.022172
  451854.723039        0.792344        0.008195
  452122.136366        0.773240        0.006610
  452784.978829        0.788313       -0.007755
  453241.125471        0.779494        0.009631
  453391.513610        0.786671        0.018973
  453332.199535        0.775531        0.018099
  453988.893281        0.784979       -0.000452
  454076.913193        0.783646        0.003877
  454823.863231        0.790384       -0.001642
  455268.925533        0.784996        0.017875
  455167.598822        0.784551        0.014544
  455389.153191        0.768334       -0.000891
  456038.222607        0.783869       -0.000514
  456278.676003        0.785727        0.019149
  456540.147082        0.786373        0.017015
  457415.695045        0.780756        0.010096
  457939.494864        0.771082        0.004159
  457488.202521        0.764611        0.018583
  458108.553359        0.780411       -0.007807
  458801.565895        0.787250        0.014846
  458692.377194        0.780896        0.015833
  458825.606909        0.783817        0.005062
  459544.663682        0.807143       -0.005385
  459615.648157        0.782266        0.007904
  459981.863691        0.776477       -0.013733
  460449.712968        0.778196        0.013688
  460939.364010        0.794665        0.020601
  460955.585512        0.780918        0.008258
  461390.885660        0.796472        0.011044
  461808.658901        0.785924        0.009052
  462031.227073        0.800562        0.014486
  462214.510887        0.777368        0.034566
  462625.392528        0.774355        0.018886
  463220.912211        0.760844        0.009239
  463470.753426        0.786415        0.019298
  463457.111645        0.792040        0.012309
  463896.261391        0.800213       -0.000346
  464366.102883        0.793008        0.003097
  465181.061825        0.793309        0.008268
  464729.626204        0.786113        0.004779
  465617.504363        0.776591        0.003465
  465731.753895        0.784616        0.014050
  466167.609813        0.773648        0.013787
  466259.058936        0.778491        0.014432
  466737.354378        0.771159        0.003601
  467461.632069        0.799049       -0.001040
  467083.219052        0.781881        0.006745
  467857.678975        0.775833        0.014969
  467800.700923        0.796342        0.008088
  468422.833977        0.783219        0.018868
  468815.520694        0.770390        0.021576
  469135.060832        0.797845        0.009092
  469442.188576        0.789902        0.016084
  469955.212848        0.783584        0.012500
  470175.898485        0.796551        0.012831
  470582.224748        0.788546       -0.001080
  470915.180150        0.781580        0.029144
  471117.919625        0.779700        0.021178
  471329.975477        0.775914        0.014971
  471958.710928        0.787100       -0.000065
  472073.417660        0.792623        0.018171
  472258.222295        0.787404        0.010927
  472499.860433        0.775505        0.017211
  473213.945332        0.767464        0.020644
  473417.758078        0.759671       -0.000631
  473636.993950        0.777152        0.018364
  473881.845983        0.804348        0.012279
  474472.707030        0.776431        0.029417
  474803.765022        0.787405        0.007826
  475649.475216        0.803551        0.020987
  475404.774683        0.790990        0.017104
  475951.026428        0.784113        0.007744
  476288.536866        0.767692        0.010429
  476320.208082        0.792407       -0.001695
  476781.294582        0.795917       -0.006763
  477205.418688        0.786664        0.003093
  477715.963627        0.783181        0.018117
  477789.975429        0.762363        0.034013
  478521.999381        0.778203        0.021555
  478397.888972        0.787296        0.022181
  478580.801651        0.786833        0.014919
  479350.972664        0.794637        0.012715
  479566.884379        0.790842        0.010621
  479539.422632        0.782945       -0.001877
  479725.244436        0.772579        0.007627
  480309.171841        0.781988        0.017445
  480862.221380        0.785226        0.002026
  481521.185525        0.786134        0.000390
  481630.353392        0.791260        0.018068
  481648.017340        0.778581        0.013516
  482006.901936        0.779189        0.021545
  482913.644974        0.797787        0.003333
  482542.344966        0.769608        0.033236
  482830.352699        0.801253        0.023773
  483568.404466        0.791759        0.023361
  484133.861063        0.792342       -0.005976
  484124.689277        0.782814       -0.007936
  484762.602286        0.798767        0.006415
  484482.415490        0.795439       -0.011592
  485220.021463        0.766128        0.015476
  485706.284761        0.774704       -0.004155
  485800.367134        0.790554        0.020435
  486285.731971        0.779418       -0.009115
  486233.671598        0.776781       -0.006941
  486881.777192        0.787455       -0.008705
  487372.394673        0.787935        0.023404
  487410.060592        0.788857        0.008306
  487777.679366        0.791519        0.009425
  488113.002388        0.784583       -0.001843
  488777.571352        0.788631       -0.006635
  489089.224295        0.787680        0.011298
  489066.736876        0.782558       -0.007219
  489518.648585        0.786397        0.009576
  490090.188000        0.808439       -0.016858
  490169.103460        0.789419        0.015350
  490642.020467        0.784971        0.010699
  490757.660562        0.773771        0.013840
  491491.882677        0.774099        0.001460
  491715.229203        0.797447        0.002665
  491867.189026        0.771778        0.016553
  492295.691924        0.779341        0.011518
  492766.241941        0.785563        0.013208
  492985.294206        0.791204        0.006698
  493107.464303        0.788922       -0.009425
  493710.619350        0.776026        0.004339
  493764.774476        0.773638        0.007671
  493992.130475        0.789400        0.008466
  494364.181821        0.792419        0.020595
  495093.719784        0.805538        0.012960
  495327.802913        0.776440        0.008536
  495510.149923        0.780738        0.005296
  495959.147844        0.775512       -0.003634
  496017.924439        0.783398        0.023299
  496408.214819        0.794179       -0.001713
  496542.378007        0.757018        0.015487
  497233.574016        0.785878        0.007057
  497604.634687        0.804100        0.000417
  498062.093192        0.774776        0.011741
  498428.742514        0.787588       -0.002175
  498884.121445        0.784677        0.013621
  498974.105092        0.786797        0.014311
  499190.532212        0.789209       -0.008284
  499504.442080        0.781425        0.010009
  500084.254121        0.793235       -0.007639
  500366.283685        0.778135        0.019059
  500373.636564        0.780203        0.008714
  500831.007141        0.787140        0.013061
  501294.521636        0.778767        0.015238
  501678.692698        0.771849        0.004801
  501782.617258        0.801004       -0.000559
  502200.437764        0.770303        0.009839
  502883.357099        0.790613        0.008539
  502837.266403        0.767511       -0.000111
  503418.099778        0.768253        0.007194
  503538.198298        0.779270        0.016016
  503813.301759        0.793712        0.013512
  504498.182760        0.781978        0.023938
  504562.564712        0.798406        0.026323
  504871.741123        0.779742        0.009243
  505365.713415        0.804711       -0.005308
  505677.232765        0.775684        0.008444
  505870.881169        0.802753        0.006387
  505854.086419        0.785132        0.000187
  506710.438182        0.776142        0.006952
  506803.018355        0.775373        0.009005
  507288.029317        0.775507        0.009287
  507666.236901        0.784169        0.012373
  507583.931556        0.788513       -0.004852
  508495.043891        0.779038        0.017684
  508575.893791        0.775970        0.034560
  508956.842789        0.786884       -0.003340
  509320.207367        0.790942        0.010409
  509780.756217        0.788775        0.011451
  510042.617701        0.801045        0.002478
  510345.400880        0.799256       -0.009440
  510905.841999        0.790701        0.012801
  510964.315027        0.799714        0.001664
  511341.991059        0.792460        0.013168
  511404.263315        0.782117        0.011379
  511760.070068        0.774996        0.008281
  512231.547726        0.785139       -0.009317
  512552.802590        0.773348        0.020040
  512816.604260        0.785166       -0.003061
  513142.662635        0.797478        0.025411
  513722.780061        0.769389       -0.005496
  513839.095235        0.783657        0.019030
  514213.066549        0.798363        0.028311
  514392.397139        0.798384        0.000791
  514661.996997        0.786240       -0.005589
  515481.989737        0.778355        0.030549
  515511.569813        0.764097        0.011787
  515615.683438        0.799781        0.009795
  516211.126377        0.769781        0.010155
  516696.226721        0.780048        0.003122
  516900.074461        0.798923        0.002209
  517232.608951        0.784161        0.004210
  517396.593946        0.798009        0.011194
  518082.204730        0.796942        0.011034
  518101.629583        0.770558        0.011205
  518735.607995        0.782794        0.008130
  518773.603844        0.797389        0.021768
  518958.845231        0.779780        0.003102
  519873.978658        0.800651        0.005847
  519823.673829        0.767581        0.006459
  520776.571022        0.785203        0.006656
  520474.044419        0.793285        0.013525
  520928.696925        0.786954        0.006499
  521022.672659        0.783896        0.020997
  521299.462099        0.799627        0.004363
  521854.712968        0.790026        0.010479
  522174.412311        0.806939        0.020922
  522783.545345        0.793138        0.022338
  523387.710793        0.800687        0.003683
  523601.551573        0.784157       -0.005199
  523310.667365        0.788581        0.003121
  524065.375415        0.783857        0.008071
  524248.700382        0.799104       -0.008619
  524858.848661        0.790949        0.012450
  524800.695087        0.804431       -0.012775
  525250.861983        0.787776        0.021837
  525746.438772        0.790187        0.013787
  525819.857537        0.774826        0.002175
  526749.878166        0.782165        0.001191
  526534.417954        0.795590       -0.007920
  526843.038397        0.768105        0.026661
  527171.710149        0.786657        0.002923
  527663.888957        0.805447        0.010628
  527973.156851        0.779910        0.009853
  528181.233388        0.798757        0.017909
  528599.928718        0.783388        0.013522
  528953.411650        0.777539       -0.012621
  528968.405787        0.782034        0.026602
  529658.475856        0.776344        0.011515
  530030.263138        0.781660        0.003956
  530371.332712        0.789695        0.000479
  530440.850062        0.787901        0.011024
  530683.879395        0.784679        0.022856
  531605.506988        0.789105        0.021649
  531430.872988        0.802679        0.000384
  531977.889758        0.786618        0.010826
  532350.190469        0.796154        0.011224
  532130.287110        0.782253        0.011231
  532785.347040        0.773833        0.008045
  533125.779293        0.785129        0.010120
  533721.969043        0.787745        0.002036
  534185.066697        0.774598        0.011019
  534211.177998        0.783836        0.010297
  534630.251073        0.777455        0.010910
  535224.703293        0.789069       -0.001066
  535197.854516        0.792852       -0.001671
  535602.839819        0.780507        0.009773
  535884.759211        0.778856       -0.001673
  536048.086596        0.783331       -0.002724
  536582.208736        0.794468        0.008676
  536546.093753        0.785251        0.009216
  537585.854312        0.795158        0.004215
  537362.376649        0.797139        0.008611
  538011.382249        0.788105        0.004142
  538476.218592        0.793012        0.003158
  538311.027649        0.790793        0.022262
  538535.249834        0.779436        0.011368
  539221.692515        0.784427        0.000917
  539333.030382        0.792866       -0.000017
  540297.092838        0.783632        0.023731
  539934.256263        0.803141       -0.000181
  540538.388612        0.765569        0.006217
  540746.212739        0.787489        0.007402
  541081.375970        0.793122        0.001427
  541637.046630        0.767735       -0.010359
  541784.288021        0.798404       -0.002951
  542305.396253        0.783015        0.005650
  542240.643361        0.780529       -0.001306
  542804.188723        0.790129        0.008620
  543694.905113        0.789972        0.008886
  543720.985613        0.785208        0.022342
  543973.338976        0.796145        0.011840
  544227.734687        0.797373        0.013613
  544380.940165        0.786921        0.003420
  544799.364209        0.783785        0.005933
  545270.200302        0.800908       -0.007670
  545362.415390        0.774659        0.001909
  545896.839841        0.796700        0.018367
  545928.646738        0.788527        0.003553
  546284.106044        0.784098       -0.002930
  546730.364178        0.780113        0.027267
  547106.934168        0.784050        0.000824
  547430.431213        0.797344        0.017203
  548076.952209        0.772073        0.001862
  548138.822601        0.776703        0.008139
  548399.265252        0.783419        0.004331
  549009.821072        0.791236        0.007366
  549431.662893        0.795863        0.013658
  549213.576511        0.805105        0.018662
  549521.595617        0.779180        0.012132
  550123.878041        0.789937        0.014224
  550599.376542        0.792954        0.011425
  551227.404558        0.784561        0.004947
  551138.575826        0.790136       -0.003092
  551764.885167        0.799160        0.003643
  551697.611118        0.793272       -0.001501
  552084.338349        0.780478       -0.000011
  552425.965485        0.780343        0.011801
  553059.256764        0.780777        0.019883
  552954.981416        0.771819        0.007384
  553392.150767        0.787673        0.008349
  553490.303634        0.775844        0.006881
  553792.746475        0.803415        0.010728
  554635.775248        0.770686        0.018280
  554753.774818        0.794819        0.006946
  555186.227296        0.774600        0.016402
  555238.922358        0.786952        0.009491
  555823.504037        0.775747       -0.013258
  556269.316279        0.795707        0.015718
  556533.880588        0.775383        0.015350
  556669.430737        0.770574        0.018473
  557004.690172        0.782671        0.002910
  557147.463021        0.792817        0.005223
  557731.061294        0.781822        0.021806
  558009.881939        0.791603        0.003053
  558393.170697        0.796891        0.020988
  558921.300873        0.796955       -0.004876
  559109.473633        0.785250        0.014377
  559352.652016        0.779846        0.000209
  559445.937075        0.781721        0.005263
  560455.321736        0.763464        0.020846
  560747.995058        0.777807        0.003663
  560903.888019        0.783433        0.005461
  561212.842203        0.790828        0.030208
  561478.950915        0.760521        0.028410
  562037.099891        0.792015        0.010119
  562149.594182        0.789929        0.007775
  562405.559256        0.787002        0.022338
  562816.423880        0.795052       -0.005727
  563007.295830        0.768584        0.013288
  563528.293439        0.793522        0.012610
  563630.959391        0.786800        0.024722
  564377.512841        0.792565        0.013070
  564729.504699        0.772692        0.014549
  564568.583241        0.790084        0.003732
  565146.857837        0.781791        0.011418
  565666.669247        0.764614        0.010562
  565926.141575        0.797949        0.011140
  566362.995358        0.805016        0.006688
  566391.148699        0.793112        0.004968
  566750.227384        0.804748        0.024403
  566967.941284        0.769574        0.011609
  567670.242574        0.794138        0.022673
  567717.122603        0.778536        0.021413
  568069.757258        0.784733        0.021990
  568280.823672        0.783117        0.013361
  568769.434033        0.781778        0.011126
  569235.030494        0.781797        0.020703
  569485.045445        0.781236       -0.003575
  569940.885443        0.792289        0.008081
  570078.662868        0.781336        0.005317
  570463.004625        0.807849        0.013473
  570906.804803        0.774879        0.016504
  571187.663162        0.772682        0.004920
  571333.354930        0.799883       -0.002093
  571729.281990        0.777354        0.011179
  572494.784791        0.774094        0.021289
  572522.719365        0.798449        0.008119
  572852.602354        0.770562        0.017543
  573253.294822        0.792871        0.009086
  573634.040001        0.796162        0.007973
  573847.925204        0.793300        0.000733
  574193.864898        0.792833        0.010954
  574634.873282        0.781695        0.010891
  574930.352038        0.786001       -0.003096
  574862.996943        0.794853        0.009252
  575576.976704        0.791570        0.011605
  575759.535623        0.783991        0.018376
  576098.609309        0.768031        0.002163
  576665.404262        0.785103       -0.010522
  577149.177316        0.784082        0.006504
  577287.201996        0.815462        0.015516
  577603.857680        0.783191        0.001670
  578031.022331        0.778110        0.019059
  578243.323684        0.794113        0.023652
  578459.784875        0.785479        0.016862
  578871.915178        0.781412        0.012854
  579217.115170        0.783310        0.011217
  579049.245600        0.780108        0.022182
  580249.603724        0.787491        0.016400
  580178.748375        0.792029        0.005223
  580763.863812        0.791230        0.003204
  581397.342091        0.777982        0.003314
  581102.882315        0.779207        0.016817
  581498.114964        0.781111        0.000232
  582152.975793        0.802112        0.015800
  582468.106004        0.789884        0.013707
  582793.952759        0.790962        0.018878
  582929.900202        0.800005        0.021619
  583399.639359        0.776715        0.009022
  583526.971068        0.790060        0.003055
  583847.739919        0.809043        0.027650
  584463.923320        0.793777        0.005985
  584549.968633        0.762066        0.021179
  584934.251057        0.779491        0.002769
  585378.889541        0.795432       -0.004448
  585853.915614        0.779325        0.022798
  586164.351080        0.784973        0.020753
  586186.407553        0.788603        0.000564
  586506.352796        0.789426        0.011484
  586914.911967        0.803673        0.022775
  586987.527511        0.767573        0.028055
  587567.153663        0.778244        0.008311
  587981.607544        0.801382        0.019838
  588156.137721        0.783000        0.018723
  588491.087905        0.799161        0.013565
  589037.135690        0.797218        0.018774
  589443.650320        0.790555        0.003191
  589447.172117        0.790842        0.011686
  590098.588101        0.799623        0.008255
  590131.667982        0.804468        0.003228
  590917.672025        0.796466        0.002350
  590635.593743        0.790219        0.016967
  591223.971333        0.802916        0.009296
  591805.656281        0.784308        0.015287
  591943.506367        0.791877        0.004402
  592373.682602        0.777425        0.003996
  592820.983240        0.779682        0.013396
  593295.647955        0.803449        0.002890
  593046.042004        0.784111        0.009585
  593394.744015        0.778224        0.019781
  593652.049006        0.783575       -0.001563
  593708.073641        0.774941        0.002214
  594779.745520        0.792281        0.020528
  595191.834161        0.766945        0.001718
  595200.914864        0.794004        0.006095
  595684.158442        0.781374        0.030792
  595966.013121        0.794999        0.014484
  596181.655280        0.793924       -0.006176
  596642.903987        0.792178       -0.001301
  597326.018996        0.793364        0.015075
  597330.403494        0.775974        0.011603
  597701.988395        0.790161        0.014513
  597849.612897        0.783423        0.014446
  598224.848614        0.783448        0.011923
  599032.401004        0.792295        0.006106
  599126.199326        0.795327       -0.002658
  599494.897464        0.793611        0.014644
  599841.559764        0.782889       -0.002915
  600002.782263        0.790893        0.007452
  600487.394768        0.797232        0.015124
  600236.971363        0.780338        0.003276
  600819.096844        0.791775        0.007046
  601265.090207        0.786190        0.037410
  601837.524680        0.785176        0.013578
  601936.538749        0.781818       -0.003238
  602425.132943        0.781450        0.016865
  602627.517438        0.794194        0.009126
  602741.181396        0.777703        0.015993
  603136.747506        0.795811        0.008109
  603267.417058        0.768253        0.019142
  604133.885409        0.782176        0.015771
  604561.947180        0.792916       -0.014613
  605000.202622        0.794569        0.021681
  605226.469491        0.760995        0.005579
  605086.688094        0.783645        0.010391
  605662.512159        0.817878       -0.004988
  605908.394438        0.785253        0.001216
  606429.408926        0.786928        0.003854
  607032.708075        0.793342        0.021243
  607294.874794        0.773483        0.000439
  607251.242650        0.778898        0.011302
  607829.767962        0.765382       -0.002171
  608245.086291        0.806969        0.017177
  608390.210887        0.779266        0.020312
  608995.527269        0.803885        0.005348
  609293.900737        0.782289        0.000466
  609449.725379        0.792287        0.003477
  609587.204350        0.810718        0.030234
  610171.395074        0.790095        0.009168
  610497.636257        0.789294        0.015689
  610783.736639        0.781676        0.016752
  611188.431258        0.772274        0.004984
  611364.613825        0.794314        0.011045
  611536.262110        0.785913        0.012197
  612310.712135        0.785669        0.031804
  612362.848594        0.774936        0.006369
  612929.029540        0.788377       -0.006064
  613474.955911        0.795483        0.004168
  613192.120463        0.799126        0.022491
  613863.325000        0.801214        0.006963
  613941.837411        0.792605        0.016155
  614368.086359        0.788889       -0.001769
  615022.207729        0.790607        0.012260
  615346.367092        0.785459        0.003166
  615366.061050        0.787343       -0.000616
  615702.900947        0.789336        0.014984
  616104.047643        0.792672        0.002623
  616402.144003        0.774721       -0.002150
  617062.756874        0.794406        0.007665
  616947.927706        0.774138        0.000162
  617441.617519        0.784907        0.002678
  617511.519194        0.789180        0.007471
  618420.883099        0.767806        0.015310
  618554.769788        0.781781        0.013679
  618941.014244        0.776305        0.027775
  619172.822926        0.782995        0.011528
  619303.799031        0.789159        0.022659
  619950.643563        0.790914        0.001561
  620399.248382        0.763425        0.006438
  620245.861239        0.792423        0.013712
  620673.655212        0.779274       -0.000189
  621019.570711        0.773694        0.012268
  621345.351193        0.786080       -0.006415
  622175.375324        0.807501        0.002039
  621586.189401        0.780871        0.021215
  622825.645194        0.798097        0.020624
  622795.092970        0.788918        0.023614
  623125.092967        0.777075        0.010656
  623328.259115        0.799950        0.023261
  623683.961752        0.785896        0.023740
  624567.156218        0.803671        0.017483
  624698.978874        0.791678       -0.003151
  624782.316445        0.792623        0.015324
  625135.455924        0.794310       -0.014296
  625653.318703        0.798220        0.008171
  625848.118080        0.780404        0.025315
  626280.599714        0.785183        0.014306
  626292.626832        0.796868        0.000120
  626887.718030        0.785713       -0.001432
  627273.940042        0.787165        0.009068
  627607.704583        0.785691        0.001385
  628005.408542        0.786826        0.003400
  628503.045300        0.788427        0.007043
  628553.694937        0.775250        0.015876
  628636.639514        0.786140        0.011499
  629010.629103        0.789151        0.022663
  629591.007714        0.790590        0.000041
  629753.852789        0.805010        0.014956
  630083.355891        0.772141        0.004156
  630157.811677        0.775724        0.009529
  631079.612585        0.787903        0.008506
  631159.749927        0.792043        0.022268
  631543.654615        0.800618        0.012991
  631469.195022        0.793271        0.008804
  632530.749719        0.772660       -0.010968
  632441.443681        0.772470        0.000139
  632992.421664        0.792007        0.033895
  633278.017392        0.789916       -0.003490
  633668.208832        0.798589        0.010700
  634064.089289        0.790381        0.022069
  634279.482141        0.799540        0.004300
  634360.132665        0.783675       -0.001674
  634757.697823        0.778140        0.003633
  635162.533497        0.773843       -0.011835
  635321.515539        0.792002        0.028772
  635926.022442        0.803942        0.011591
  636308.002521        0.791588       -0.000590
  636506.058228        0.778426        0.002972
  637318.181158        0.782648        0.006066
  637149.636159        0.796623        0.007238
  637953.654511        0.787203        0.022417
  637939.187174        0.790255        0.002416
  638197.840751        0.789371        0.013070
  638771.272286        0.800414        0.005264
  639439.183539        0.784776        0.001667
  639088.494396        0.803780        0.011693
  639606.947260        0.788606        0.019102
  640028.221806        0.769861        0.007077
  640301.693511        0.797675        0.015828
  640665.380495        0.777418        0.024321
  640800.895644        0.795531        0.001113
  641169.008627        0.774380        0.000880
  641615.257558        0.780996       -0.000781
  642321.179052        0.787240        0.013705
  642436.961846        0.795287       -0.006351
  642472.215281        0.789040        0.002486
  643131.503339        0.793499       -0.007628
  643244.756486        0.780809       -0.004318
  643605.671796        0.803280       -0.001115
  644266.102324        0.773837        0.015019
  644125.321566        0.776133        0.007661
  644384.283341        0.790981       -0.025796
  645036.655421        0.777447        0.012994
  645501.485705        0.788810        0.019719
  645858.001638        0.771206        0.011777
  645972.110947        0.781258        0.002834
  646240.066922        0.809752        0.006272
  646710.833104        0.777971       -0.000537
  647075.095825        0.768828       -0.005728
  647562.290100        0.795560        0.005127
  647878.097071        0.792525       -0.003243
  648357.102123        0.797951       -0.006382
  648358.011225        0.792374        0.015652
  648643.051846        0.799498       -0.007277
  649166.849245        0.772130        0.005718
  649253.466139        0.785943       -0.008258
  649683.622410        0.814018        0.006883
  649847.597984        0.803068        0.026733
  650513.806052        0.787189       -0.000653
  650979.473094        0.790241       -0.007750
  651248.451403        0.772580        0.007215
  651383.283534        0.783434        0.017569
  651630.648835        0.802998        0.006877
  652265.667577        0.803111        0.003227
  652441.030504        0.804912        0.010597
  652991.728887        0.780139       -0.012815
  653188.058441        0.797798        0.012983
  653544.140670        0.789368        0.018639
  653818.842149        0.784731        0.017927
  654082.691785        0.788075        0.001176
  654398.432273        0.798634        0.013464
  654708.032377        0.783520        0.000046
  655166.742367        0.791374        0.024040
  655346.210473        0.807782        0.011091
  655874.653300        0.774370        0.009380
  656292.959480        0.790875        0.007346
  656225.683037        0.788273        0.026403
  656786.800966        0.789527        0.021906
  656916.296443        0.775055        0.018870
  657414.351302        0.799308        0.010390
  657415.588289        0.786877       -0.003801
  658175.459588        0.788168        0.014399
  658558.954151        0.798384        0.004467
  658996.354520        0.776555       -0.002666
  659212.616726        0.771176        0.004691
  659679.226091        0.788534        0.017203
  659667.418698        0.795083        0.006575
  660095.033042        0.782107        0.004582
  660247.563295        0.802554        0.015574
  660856.750068        0.781644        0.007774
  660962.331330        0.813978        0.021461
  661536.780994        0.786213        0.013245
  661853.395250        0.790059        0.010617
  662076.932211        0.774183        0.022371
  662554.949433        0.805451        0.005696
  662623.601560        0.794223        0.011348
  663038.383683        0.771512       -0.000177
  663558.774329        0.805581        0.008538
  663527.279586        0.794386        0.002346
  664038.485678        0.793655        0.023162
  664526.728512        0.799859        0.020991
  664976.158267        0.783599       -0.003400
  665190.238214        0.809838       -0.001640
  665736.184712        0.784074        0.019461
  665683.233852        0.801215        0.009547
  665768.015976        0.784324        0.012515
  666521.520481        0.788446       -0.002039
  666383.552318        0.799987        0.009445
  667167.344812        0.796054        0.012512
  667194.450133        0.795929        0.004933
  667650.135800        0.791166       -0.004151
  668091.425343        0.778347        0.004016
  668455.747018        0.808742        0.011205
  668861.846047        0.792840        0.009304
  669517.947673        0.805051       -0.001712
  669710.471321        0.800436        0.013852
  669634.822659        0.793732        0.010662
  670405.558132        0.788650        0.022235
  670466.054106        0.784006        0.017584
  670746.874114        0.817499        0.013420
  671479.039262        0.794515        0.010751
  671374.167264        0.795503        0.025898
  671667.554482        0.803093        0.017461
  672163.000773        0.799305        0.012854
  672669.184873        0.799575        0.013440
  673256.646860        0.780303        0.012405
  673159.426061        0.811215        0.005333
  673184.300209        0.794037       -0.009445
  673798.277692        0.786284       -0.012236
  674673.989805        0.801121        0.001867
  674380.823571        0.788969        0.003039
  675041.043180        0.785320       -0.010399
  675277.374234        0.797598        0.023068
  675362.631031        0.779440       -0.000975
  675628.472326        0.808050        0.008408
  676385.202374        0.802099        0.006503
  676310.289951        0.787621       -0.001155
  676560.590229        0.796119       -0.012008
  677241.586312        0.786743        0.009275
  677336.319709        0.775460        0.014520
  677372.514710        0.778264        0.014058
  678473.633751        0.793737       -0.007535
  678624.103167        0.770170        0.010646
  678635.179741        0.777548        0.014070
  679408.854438        0.784161        0.004566
  679307.134701        0.775604        0.015388
  679698.153357        0.804010        0.010261
  680280.397307        0.808901        0.009460
  680802.667575        0.795463        0.005349
  680909.897337        0.776614        0.005949
  681294.238842        0.811702        0.011578
  681644.741433        0.799573        0.007899
  681800.866327        0.785134        0.018371
  682073.717229        0.794524        0.017993
  682833.851383        0.762849       -0.001996
  682866.914519        0.790376        0.006279
  683392.889067        0.782456        0.004804
  683528.160107        0.786121        0.012894
  684168.373413        0.789340       -0.006162
  684364.632919        0.788875        0.003551
  684749.593125        0.795550        0.009669
  684901.270245        0.780868        0.003478
  685383.595429        0.798411        0.005230
  685876.402000        0.790508       -0.011650
  685789.399056        0.773625        0.008726
  686400.357983        0.803858        0.007747
  686856.105487        0.789814       -0.004612
  686829.355326        0.788588        0.007308
  687528.119388        0.789466        0.018487
  687794.781770        0.789731       -0.006704
  687694.514325        0.795251        0.016078
  688335.199019        0.807513        0.011781
  688487.436013        0.793434        0.014399
  689370.001688        0.783438       -0.000319
  689324.980657        0.778389        0.003966
  689903.878564        0.797930        0.014406
  689850.298719        0.795792        0.011680
  690915.043419        0.792812       -0.007671
  690536.932984        0.808971        0.009023
  691026.677947        0.775170       -0.017576
  691368.375687        0.802552        0.000683
  691654.163495        0.794427        0.009511
  691719.145234        0.797126        0.016739
  692390.029755        0.766881       -0.000964
  692608.872398        0.804597        0.014866
  692989.013346        0.792997        0.027122
  693428.933094        0.786814       -0.000326
  693649.974720        0.794754        0.009248
  694127.088529        0.793547        0.001942
  694653.650678        0.783534       -0.003215
  694674.419799        0.785923        0.005562
  694821.127962        0.796016       -0.003657
  695662.502845        0.785137        0.012498
  695913.922060        0.799477       -0.000190
  696035.746225        0.786410        0.013682
  696664.679775        0.768170        0.023419
  696986.885989        0.784534        0.013448
  697248.103502        0.788414        0.006346
  697771.441736        0.798148        0.012804
  697530.034168        0.784769        0.017124
  698319.536202        0.800617       -0.004059
  698184.599129        0.790776        0.003349
  698999.857560        0.805157        0.003591
  699345.313747        0.802776        0.004925
  699287.551551        0.792107       -0.002707
  699574.713780        0.807438        0.002674
  700000.210723        0.798362        0.022889
  700434.852353        0.785177        0.013549
  700874.585814        0.784051        0.018239
  700893.728670        0.789734        0.005176
  701225.668693        0.801093        0.001611
  701975.672464        0.787115        0.003828
  702008.012887        0.792775        0.001638
  702678.971737        0.771738        0.002647
  702789.435492        0.801782        0.000861
  703023.865803        0.809187        0.012255
  703839.370808        0.797671        0.019116
  703811.335956        0.783046        0.011350
  704260.579612        0.786687        0.029223
  704599.154381        0.789102        0.012054
  705032.498631        0.791756       -0.002426
  705365.505277        0.770208        0.008425
  705387.158655        0.787692        0.015724
  705435.087010        0.800146        0.006429
  706346.915067        0.791295       -0.002432
  706266.719798        0.778301        0.024620
  706857.024277        0.778770        0.013563
  707315.335110        0.782869       -0.003640
  707877.226851        0.786252        0.021440
  707776.804434        0.795701        0.016080
  708198.270092        0.794022        0.001185
  708892.895954        0.797297        0.009279
  708683.603526        0.791863       -0.011432
  709420.475616        0.786622       -0.000070
  709812.689132        0.792899        0.008137
  710192.208613        0.797239       -0.006019
  710198.650786        0.802923        0.001423
  710603.387915        0.806193        0.014014
  710804.565518        0.798937        0.010768
  711500.647562        0.777923        0.000761
  711837.164318        0.788364        0.004911
  711625.361214        0.788332        0.010234
  712452.524902        0.794069       -0.008286
  712894.344496        0.798595        0.015806
  712857.649063        0.763329        0.008888
  713336.822974        0.769808        0.010601
  713736.309142        0.795566        0.007390
  713910.105251        0.783112        0.006363
  714217.258363        0.796809       -0.004240
  714540.525052        0.792127       -0.019411
  714823.901547        0.789420        0.006340
  715036.155928        0.788481        0.011261
  715783.379235        0.763185       -0.007625
  715699.841234        0.799846        0.002696
  716222.499404        0.787576        0.009415
  716440.986293        0.785463        0.005172
  717464.863332        0.788728        0.009970
  717168.021907        0.788442        0.005650
  717612.997790        0.794531        0.015241
  717930.483006        0.808929       -0.004378
  718534.549893        0.799105        0.011927
  718679.469357        0.791394        0.012857
  719069.296467        0.787425       -0.001260
  719322.834852        0.777533        0.002859
  719833.997876        0.784695       -0.002938
  720075.662528        0.787953        0.025157
  720363.925006        0.793154        0.015931
  720524.081632        0.780627       -0.002849
  721015.036417        0.786209        0.004643
  721211.736212        0.785535        0.024119
  721937.766236        0.787489        0.008809
  722119.964451        0.781896        0.005836
  722491.437985        0.796427        0.009425
  722798.273804        0.788045       -0.012150
  723205.577872        0.776281       -0.000621
  723523.166694        0.804869        0.006986
  723575.789581        0.778074        0.001939
  724208.099451        0.792107        0.010258
  724323.287288        0.787140        0.007188
  724926.195343        0.771022        0.003542
  725124.169034        0.785897        0.000058
  725727.036389        0.794578        0.018733
  725964.436868        0.777700        0.002969
  726198.205224        0.792485        0.014435
  726321.195084        0.775591        0.005872
  726917.270060        0.790979       -0.002728
  727267.834739        0.791956        0.022338
  727338.912927        0.776482        0.011551
  727804.630431        0.787232        0.007155
  728362.307483        0.790902       -0.004872
  728474.203401        0.793560        0.018158
  728763.393587        0.791240        0.017674
  729168.628403        0.808242        0.018447
  729463.793094        0.780184        0.023096
  729942.455669        0.801046       -0.007770
  730158.403642        0.794521       -0.000559
  730667.017399        0.803675       -0.008448
  730755.794415        0.765268        0.003444
  731362.634049        0.803242        0.015606
  731366.438531        0.789441        0.010218
  732112.093231        0.790929       -0.003734
  732226.101899        0.795957        0.003635
  732455.107207        0.791027        0.014607
  732990.013842        0.787271        0.016999
  733300.920395        0.803548        0.001153
  733758.518438        0.792306        0.012131
  733767.762129        0.787297        0.031746
  734386.289797        0.810180        0.011845
  734303.063245        0.785979        0.017630
  734971.647780        0.780437        0.002028
  735164.228486        0.778282        0.024978
  735233.591929        0.812148        0.010153
  735886.501463        0.778510        0.002042
  736536.410689        0.786916        0.017100
  736859.796503        0.779084        0.009033
  736911.382524        0.787950        0.011590
  737240.965336        0.782906        0.010208
  737764.582304        0.773107        0.015563
  738019.918684        0.797709        0.006320
