34.5569864885
14.3413360289
-15.6257829806
-28.6075298294
41.0999995414
4.4492894073
17.8189591426
43.8895341395
59.4773389238
79.2402414990
56.3489087890
81.0356980031
73.5087071473
97.1829436180
132.4768966172
147.7104130791
179.1911235354
176.0379402748
190.2981856622
178.5744996541
213.0405474962
231.4955914494
243.9272003682
340.5987595879
294.8973639444
362.5628564678
352.7666432379
383.2777547728
392.2268120203
421.6483435102
439.2540242549
451.6565904070
503.1005038617
501.3646105287
505.4768456495
578.9278047588
560.1938852513
665.7633202116
693.2813470398
746.4950219234
729.2639738764
719.1637741085
829.7502602604
839.1414028419
911.4214777224
976.0449477818
965.5931612430
984.7988585022
1029.8974620839
1090.7380747556
1105.6907762416
1143.2648346054
1209.3530822306
1294.0019613069
1324.3824796395
1356.0761224207
1389.2537081277
1465.5652136441
1533.1014901112
1541.8701667333
1609.1494077071
1677.6218177035
1732.9748560308
1770.0496379001
1831.7567280604
1860.1915251856
1913.3829093217
1994.9619173137
2046.7635296416
2115.0867320152
2159.3454015406
2206.9176288718
2266.7558853338
2339.7989228999
2395.0089860582
2465.1689094680
2523.9918968303
2617.8812969334
2639.9903908915
2699.7725311302
2750.6729598620
2845.8725281005
2883.0500517722
2971.3289767688
3045.3178416765
3088.9049822581
3186.7741852919
3228.7078402140
3310.6781754647
3407.2580369588
3455.7697477694
3520.4482326294
3616.2027468837
3702.8498347102
3733.8330107259
3852.8514395055
3885.8930038828
3984.1836853288
4081.2683260225
4160.3210514435
4240.3402595584
4322.1871424238
4452.2356067466
4476.6607249387
4552.6311758322
4654.6858382390
4707.9335419885
4798.0815848628
4866.3384091850
4948.2854845951
5062.1889178442
5152.4410251205
5233.6675950655
5303.2717350466
5359.8651197494
5462.7902629891
5561.9025310694
5665.8914252139
5765.4297791816
5868.6787037016
5930.5747186864
6069.9800280807
6153.9731092162
6235.1854956992
6337.5899801687
6424.3022617274
6507.3948545986
6617.4319029358
6729.9527679385
6795.8682180711
6908.3683733670
7006.3062968472
7098.8600597607
7267.7460313638
7333.6126299010
7429.3705370133
7501.6206317003
7640.7414638107
7747.5988785965
7837.5672468946
7960.5920418808
8071.5558711492
8195.1052399961
8304.2709488451
8380.7095450485
8509.7655925843
8636.1315938350
8734.9773174837
8870.8903549666
8972.9916763729
9050.9010995957
9141.8769122543
9320.9665507385
9376.6272606882
9545.4923888472
9696.0255528532
9782.9865524258
9890.3920718876
10024.1225998508
10138.4626877259
10269.9629346826
10421.0874068801
10503.9980711995
10672.6982763660
10780.8095644533
10875.1035141743
10996.0556263712
11118.2750866488
11255.1778989872
11400.5969837694
11486.6452992256
11635.3315206040
11798.2601584145
11875.8085638882
12042.4956237983
12145.0144486011
12260.2671758032
12430.3862949428
12565.4840181353
12692.0654538606
12831.0557597591
12989.4447678818
13075.1808260460
13208.9792817782
13383.2666331680
13527.5545884343
13686.4364002901
13783.9155868183
13920.9572537690
14087.0655253646
14196.9643655301
14384.6960458537
14516.5696698827
14641.4484626209
14814.5960721696
14955.0234761149
15074.4361558079
15274.2497704709
15402.0501652028
15571.8397992801
